	 time 		 X 		 Y

	374.81		-15.79		-10.26		
	374.83		-15.27		-11.05		
	374.89		-15.23		-10.74		
	374.92		-15.73		-10.59		
	374.97		-16.05		-10.65		
	375.02		-15.80		-10.65		
	375.06		-15.16		-10.57		
	375.11		-15.02		-10.45		
	375.16		-15.49		-11.04		
	375.20		-15.82		-10.35		
	375.23		-14.86		-11.17		
	375.28		-16.99		-11.87		
	375.31		-16.38		-11.32		
	375.36		-16.82		-10.79		
	375.42		-15.18		-10.20		
	375.45		-16.52		-11.24		
	375.52		-16.51		-11.17		
	375.55		-16.84		-10.57		
	375.63		-14.95		-10.21		
	375.66		-16.81		-11.10		
	375.72		-15.93		-10.42		
	375.75		-15.16		-10.75		
	375.80		-16.64		-10.93		
	375.84		-14.95		-10.43		
	375.94		-15.10		-10.37		
	375.97		-15.71		-10.25		
	376.03		-15.47		-10.63		
	376.09		-16.09		-10.92		
	376.13		-15.94		-10.95		
	376.20		-16.86		-11.08		
	376.23		-15.43		-10.88		
	376.28		-16.00		-10.55		
	376.31		-16.55		-10.41		
	376.38		-16.09		-10.08		
	376.42		-15.63		-10.74		
	376.48		-15.59		-10.51		
	376.52		-16.07		-10.88		
	376.56		-15.28		-10.68		
	376.61		-15.67		-10.95		
	376.66		-15.51		-10.97		
	376.70		-15.52		-10.42		
	376.73		-14.04		-10.65		
	376.80		-15.73		-10.66		
	376.84		-14.86		-11.01		
	376.89		-14.95		-10.33		
	376.94		-15.50		-10.71		
	376.98		-15.64		-10.75		
	377.03		-15.64		-10.94		
	377.08		-16.09		-11.01		
	377.14		-14.71		-10.36		
	377.17		-15.76		-10.41		
	377.22		-15.27		-10.23		
	377.27		-16.45		-10.65		
	377.30		-15.41		-10.68		
	377.36		-15.56		-10.58		
	377.39		-15.26		-11.17		
	377.44		-15.66		-10.71		
	377.48		-15.33		-11.11		
	377.52		-15.00		-10.30		
	377.59		-15.08		-10.43		
	377.63		-15.63		-10.97		
	377.66		-15.01		-10.70		
	377.72		-14.39		-10.37		
	377.77		-15.09		-10.62		
	377.81		-15.39		-10.82		
	377.84		-14.86		-10.82		
	377.91		-16.54		-10.48		
	377.94		-15.96		-10.28		
	378.00		-15.29		-10.31		
	378.06		-14.88		-10.74		
	378.11		-15.30		-11.13		
	378.16		-15.14		-10.38		
	378.19		-15.62		-10.67		
	378.22		-16.55		-11.38		
	378.28		-16.04		-10.87		
	378.33		-16.43		-10.87		
	378.38		-15.69		-10.65		
	378.42		-15.65		-11.02		
	378.48		-16.11		-11.04		
	378.52		-16.34		-10.96		
	378.56		-16.25		-10.93		
	378.61		-16.08		-10.93		
	378.66		-15.64		-10.90		
	378.70		-15.97		-10.73		
	378.73		-15.92		-10.84		
	378.78		-15.79		-10.64		
	378.81		-14.91		-10.69		
	378.86		-15.23		-10.89		
	378.91		-16.46		-11.31		
	378.97		-15.73		-11.04		
	379.00		-15.63		-10.86		
	379.05		-16.16		-11.15		
	379.09		-15.88		-10.63		
	379.13		-15.30		-10.54		
	379.19		-15.69		-10.42		
	379.22		-14.15		-10.83		
	379.27		-15.28		-11.39		
	379.31		-15.54		-10.65		
	379.34		-16.35		-10.77		
	379.41		-14.56		-10.73		
	379.44		-15.82		-10.58		
	379.48		-15.14		-10.16		
	379.53		-16.09		-10.73		
	379.56		-15.41		-10.53		
	379.61		-15.31		-11.03		
	379.67		-14.51		-10.23		
	379.73		-15.88		-10.89		
	379.81		-15.96		-10.70		
	379.84		-16.03		-10.49		
	379.89		-15.96		-11.08		
	379.94		-15.63		-10.94		
	379.97		-15.75		-10.63		
	380.05		-15.78		-11.15		
	380.08		-15.73		-10.89		
	380.13		-15.90		-10.71		
	380.19		-15.75		-11.01		
	380.22		-16.21		-10.88		
	380.28		-15.11		-10.37		
	380.31		-15.06		-10.28		
	380.38		-15.79		-11.03		
	380.42		-16.01		-11.33		
	380.48		-15.08		-10.61		
	380.53		-14.94		-10.58		
	380.56		-15.06		-9.91		
	380.59		-14.89		-10.60		
	380.64		-16.13		-11.02		
	380.69		-17.00		-11.55		
	380.73		-16.47		-11.16		
	380.77		-15.61		-11.04		
	380.84		-15.98		-10.89		
	380.88		-15.90		-10.79		
	380.92		-15.75		-11.01		
	380.97		-14.99		-10.15		
	381.00		-14.67		-10.92		
	381.05		-15.46		-10.70		
	381.09		-15.39		-10.38		
	381.14		-16.09		-10.81		
	381.19		-15.33		-10.44		
	381.22		-15.39		-10.94		
	381.25		-15.57		-10.73		
	381.31		-17.08		-10.72		
	381.34		-16.32		-10.19		
	381.41		-14.62		-10.57		
	381.44		-15.55		-10.35		
	381.50		-15.67		-10.72		
	381.53		-15.81		-11.01		
	381.56		-15.98		-10.81		
	381.61		-15.07		-11.18		
	381.66		-16.15		-10.20		
	381.73		-14.83		-10.69		
	381.77		-16.06		-10.95		
	381.81		-14.70		-10.78		
	381.86		-16.26		-11.09		
	381.91		-16.21		-10.85		
	381.97		-16.04		-10.83		
	382.00		-16.24		-10.36		
	382.05		-15.91		-10.64		
	382.09		-15.44		-10.50		
	382.13		-15.75		-10.48		
	382.19		-16.06		-10.95		
	382.22		-15.04		-11.02		
	382.25		-14.93		-10.70		
	382.31		-15.67		-10.80		
	382.36		-15.37		-10.71		
	382.42		-15.86		-10.89		
	382.45		-15.81		-10.80		
	382.50		-16.32		-10.95		
	382.55		-15.71		-10.43		
	382.59		-15.75		-10.56		
	382.66		-16.11		-10.29		
	382.69		-16.07		-10.84		
	382.77		-15.36		-10.33		
	382.80		-15.91		-11.02		
	382.84		-15.83		-10.81		
	382.89		-15.30		-10.58		
	382.94		-15.85		-10.81		
	382.98		-15.78		-10.95		
	383.02		-15.63		-11.38		
	383.06		-15.53		-10.38		
	383.11		-16.08		-10.77		
	383.16		-15.25		-10.52		
	383.19		-16.27		-10.22		
	383.23		-15.97		-11.11		
	383.28		-16.35		-11.24		
	383.33		-16.90		-10.86		
	383.36		-15.80		-10.39		
	383.41		-15.62		-10.74		
	383.44		-14.93		-10.13		
	383.48		-16.11		-10.43		
	383.53		-15.23		-10.59		
	383.56		-16.44		-10.64		
	383.61		-15.58		-10.51		
	383.64		-15.45		-10.43		
	383.67		-16.28		-11.09		
	383.73		-16.78		-10.70		
	383.77		-15.60		-10.96		
	383.83		-16.28		-10.87		
	383.86		-15.42		-11.07		
	383.91		-15.88		-10.63		
	383.95		-16.60		-11.00		
	384.00		-15.11		-10.81		
	384.06		-15.44		-10.58		
	384.08		-15.88		-10.82		
	384.13		-15.69		-10.35		
	384.17		-15.67		-10.57		
	384.23		-15.97		-10.58		
	384.27		-15.24		-10.74		
	384.31		-14.76		-10.80		
	384.34		-15.27		-10.26		
	384.38		-16.35		-10.69		
	384.44		-15.13		-10.67		
	384.47		-14.85		-10.30		
	384.52		-14.35		-9.96		
	384.56		-16.18		-10.88		
	384.59		-14.76		-10.38		
	384.63		-15.43		-10.95		
	384.69		-15.17		-10.69		
	384.72		-15.38		-10.94		
	384.77		-16.16		-10.95		
	384.80		-15.93		-10.76		
	384.83		-15.92		-10.87		
	384.89		-15.54		-10.23		
	384.92		-15.39		-10.57		
	384.95		-16.44		-11.15		
	385.00		-15.70		-10.54		
	385.03		-15.57		-10.35		
	385.09		-15.63		-10.37		
	385.14		-14.70		-10.32		
	385.19		-14.70		-10.44		
	385.22		-15.68		-10.80		
	385.28		-17.40		-10.76		
	385.33		-16.01		-10.82		
	385.36		-15.76		-10.71		
	385.41		-16.83		-10.91		
	385.45		-14.33		-10.56		
	385.50		-15.19		-10.76		
	385.55		-15.84		-11.08		
	385.58		-15.23		-10.74		
	385.64		-15.44		-10.39		
	385.67		-16.34		-10.77		
	385.70		-15.44		-10.13		
	385.77		-15.83		-10.73		
	385.80		-14.79		-10.65		
	385.84		-16.18		-10.72		
	385.88		-15.41		-10.01		
	385.91		-15.26		-11.25		
	385.97		-15.84		-10.62		
	386.00		-16.40		-10.55		
	386.06		-15.93		-10.57		
	386.09		-14.90		-10.27		
	386.13		-16.16		-11.33		
	386.19		-16.27		-10.98		
	386.22		-14.74		-10.79		
	386.28		-16.04		-11.02		
	386.31		-15.83		-10.73		
	386.36		-15.55		-10.72		
	386.41		-15.80		-11.00		
	386.44		-16.10		-10.85		
	386.50		-15.56		-10.54		
	386.53		-15.13		-10.97		
	386.58		-16.38		-11.01		
	386.63		-16.65		-11.01		
	386.66		-16.30		-10.72		
	386.73		-14.81		-10.03		
	386.77		-15.71		-10.93		
	386.81		-15.14		-10.15		
	386.89		-14.93		-10.43		
	386.91		-15.86		-11.16		
	386.95		-16.57		-11.07		
	386.98		-16.34		-10.81		
	387.02		-15.21		-10.36		
	387.08		-15.38		-10.67		
	387.13		-14.74		-10.59		
	387.17		-16.03		-11.10		
	387.22		-17.30		-11.01		
	387.27		-15.94		-11.00		
	387.31		-15.95		-10.28		
	387.36		-15.46		-10.70		
	387.39		-15.34		-10.78		
	387.44		-15.68		-10.65		
	387.48		-15.43		-10.93		
	387.52		-15.24		-10.56		
	387.56		-15.35		-10.70		
	387.59		-16.97		-11.15		
	387.64		-15.60		-10.66		
	387.69		-16.45		-10.42		
	387.72		-16.16		-10.64		
	387.75		-15.51		-10.56		
	387.80		-15.83		-10.43		
	387.84		-15.58		-10.40		
	387.91		-16.08		-10.81		
	387.94		-15.81		-11.62		
	387.98		-15.56		-11.10		
	388.03		-16.07		-10.42		
	388.06		-15.55		-10.61		
	388.13		-16.30		-11.07		
	388.16		-15.62		-10.14		
	388.23		-16.25		-11.45		
	388.27		-16.60		-11.16		
	388.31		-15.66		-11.00		
	388.36		-15.89		-10.60		
	388.39		-15.86		-10.55		
	388.45		-15.30		-10.65		
	388.48		-15.81		-11.39		
	388.53		-15.50		-10.79		
	388.58		-14.88		-9.90		
	388.61		-15.81		-10.38		
	388.67		-15.59		-10.06		
	388.70		-15.68		-11.62		
	388.75		-15.81		-10.50		
	388.80		-16.45		-10.72		
	388.83		-15.55		-10.46		
	388.88		-15.32		-10.65		
	388.91		-16.97		-10.76		
	388.95		-15.00		-10.38		
	389.00		-15.74		-10.67		
	389.05		-15.18		-10.53		
	389.11		-15.10		-10.81		
	389.14		-15.71		-10.18		
	389.20		-15.50		-10.45		
	389.23		-15.38		-10.63		
	389.27		-16.23		-10.43		
	389.33		-15.64		-10.68		
	389.36		-15.79		-10.34		
	389.41		-15.95		-11.10		
	389.45		-15.82		-10.80		
	389.50		-15.95		-10.88		
	389.55		-15.04		-10.05		
	389.58		-14.63		-9.93		
	389.63		-16.72		-10.92		
	389.67		-16.23		-11.08		
	389.72		-15.71		-10.88		
	389.77		-15.25		-10.41		
	389.80		-15.38		-11.12		
	389.84		-15.18		-10.61		
	389.89		-16.41		-10.71		
	389.94		-16.15		-10.18		
	390.00		-15.72		-10.73		
	390.03		-15.62		-10.63		
	390.09		-15.03		-10.42		
	390.14		-16.66		-10.86		
	390.16		-15.69		-10.80		
	390.22		-15.55		-10.57		
	390.25		-15.34		-10.40		
	390.28		-15.93		-10.53		
	390.34		-15.44		-10.28		
	390.38		-15.65		-10.45		
	390.44		-16.04		-10.56		
	390.48		-15.30		-10.53		
	390.53		-16.36		-10.66		
	390.59		-15.91		-10.99		
	390.63		-15.66		-10.49		
	390.67		-16.66		-11.07		
	390.72		-15.06		-10.73		
	390.77		-15.69		-10.05		
	390.81		-15.51		-10.52		
	390.84		-16.58		-11.33		
	390.89		-15.27		-10.80		
	390.94		-14.75		-10.86		
	391.00		-15.99		-10.17		
	391.03		-15.34		-10.36		
	391.06		-16.19		-11.23		
	391.13		-15.36		-10.63		
	391.14		-15.85		-10.59		
	391.20		-15.36		-10.73		
	391.23		-15.47		-11.19		
	391.30		-15.62		-10.63		
	391.33		-15.61		-10.82		
	391.38		-15.37		-10.33		
	391.44		-16.20		-11.08		
	391.47		-16.13		-10.94		
	391.53		-14.99		-10.22		
	391.56		-15.91		-11.17		
	391.59		-15.80		-10.73		
	391.66		-15.48		-11.22		
	391.67		-15.52		-10.87		
	391.72		-15.81		-10.50		
	391.75		-16.14		-10.94		
	391.80		-16.29		-10.90		
	391.84		-14.99		-10.89		
	391.89		-15.18		-11.31		
	391.94		-15.49		-10.81		
	391.97		-16.41		-10.79		
	392.03		-16.05		-11.23		
	392.09		-16.16		-11.16		
	392.14		-15.11		-11.54		
	392.20		-15.77		-10.90		
	392.25		-15.67		-10.65		
	392.31		-16.12		-10.78		
	392.38		-16.34		-10.97		
	392.41		-15.58		-11.32		
	392.48		-15.43		-11.03		
	392.52		-15.59		-10.59		
	392.58		-15.01		-10.87		
	392.64		-15.30		-10.32		
	392.67		-15.28		-10.53		
	392.75		-15.86		-10.51		
	392.84		-16.73		-11.08		
	392.89		-16.43		-10.64		
	392.95		-14.94		-10.80		
	393.03		-15.31		-11.11		
	393.08		-15.52		-10.79		
	393.14		-16.29		-10.79		
	393.19		-15.36		-10.86		
	393.23		-15.44		-10.70		
	393.28		-16.30		-10.34		
	393.34		-16.22		-10.73		
	393.41		-15.71		-10.58		
	393.48		-15.42		-10.35		
	393.52		-15.77		-10.41		
	393.58		-15.41		-10.50		
	393.61		-15.32		-10.36		
	393.67		-15.28		-10.84		
	393.70		-15.26		-10.41		
	393.77		-15.28		-10.90		
	393.78		-15.80		-11.00		
	393.83		-15.19		-10.90		
	393.88		-16.18		-10.72		
	393.92		-15.67		-10.80		
	393.95		-16.28		-10.87		
	394.00		-14.62		-10.89		
	394.05		-15.72		-11.01		
	394.09		-14.92		-10.09		
	394.17		-16.13		-11.38		
	394.20		-16.18		-10.80		
	394.23		-14.88		-10.64		
	394.28		-15.22		-10.51		
	394.34		-15.44		-10.43		
	394.38		-15.81		-10.57		
	394.42		-14.92		-11.03		
	394.48		-16.12		-10.74		
	394.53		-15.97		-11.01		
	394.58		-15.29		-10.61		
	394.61		-15.90		-10.44		
	394.66		-16.31		-11.07		
	394.70		-15.27		-10.05		
	394.75		-15.46		-10.55		
	394.80		-16.32		-10.57		
	394.84		-15.77		-10.94		
	394.91		-15.07		-10.32		
	394.94		-15.35		-11.06		
	395.00		-16.02		-10.94		
	395.05		-15.58		-11.03		
	395.09		-14.89		-10.74		
	395.16		-14.54		-10.24		
	395.22		-14.80		-10.57		
	395.25		-15.24		-10.74		
	395.30		-14.92		-10.38		
	395.36		-15.85		-10.43		
	395.39		-15.88		-10.52		
	395.44		-15.95		-11.03		
	395.47		-15.86		-10.22		
	395.53		-15.93		-10.38		
	395.56		-16.09		-10.88		
	395.61		-15.71		-10.13		
	395.66		-15.70		-11.30		
	395.72		-15.30		-10.27		
	395.75		-15.28		-10.90		
	395.81		-15.84		-10.43		
	395.88		-15.35		-10.40		
	395.91		-14.79		-10.46		
	395.95		-16.39		-10.40		
	396.00		-15.60		-10.51		
	396.05		-15.56		-10.88		
	396.09		-16.06		-11.00		
	396.14		-14.86		-10.48		
	396.17		-15.92		-10.49		
	396.23		-17.06		-11.70		
	396.31		-15.61		-10.66		
	396.34		-15.56		-10.80		
	396.39		-15.84		-10.70		
	396.45		-16.15		-11.01		
	396.48		-16.33		-10.69		
	396.55		-15.23		-10.33		
	396.61		-15.47		-11.24		
	396.64		-16.57		-10.44		
	396.70		-16.12		-11.09		
	396.73		-15.60		-10.21		
	396.80		-15.80		-10.73		
	396.83		-15.54		-10.87		
	396.88		-15.09		-10.96		
	396.91		-16.21		-11.41		
	396.97		-15.86		-10.81		
	397.02		-16.43		-10.56		
	397.06		-16.35		-10.77		
	397.11		-15.62		-10.79		
	397.16		-16.86		-11.55		
	397.22		-14.67		-10.02		
	397.25		-16.05		-10.99		
	397.28		-15.27		-10.38		
	397.34		-16.27		-11.14		
	397.38		-15.28		-10.54		
	397.44		-15.45		-10.96		
	397.48		-14.81		-10.58		
	397.53		-15.50		-10.97		
	397.59		-16.16		-11.17		
	397.66		-15.76		-10.63		
	397.67		-15.33		-10.51		
	397.73		-16.26		-11.09		
	397.78		-15.98		-10.06		
	397.81		-15.41		-10.64		
	397.88		-16.61		-10.69		
	397.92		-15.51		-10.45		
	397.97		-16.23		-11.40		
	398.03		-15.64		-10.41		
	398.06		-15.91		-10.60		
	398.11		-14.45		-9.52		
	398.16		-15.44		-10.17		
	398.22		-16.88		-10.73		
	398.25		-15.55		-10.54		
	398.30		-16.11		-11.09		
	398.34		-15.90		-11.07		
	398.39		-16.00		-11.40		
	398.44		-16.26		-11.04		
	398.47		-15.87		-10.81		
	398.50		-15.61		-10.86		
	398.56		-17.14		-10.85		
	398.63		-14.55		-10.80		
	398.67		-15.68		-10.65		
	398.72		-14.92		-10.31		
	398.78		-15.36		-10.41		
	398.84		-15.05		-10.98		
	398.88		-15.30		-11.31		
	398.94		-16.33		-10.77		
	398.98		-15.81		-10.80		
	399.03		-15.59		-10.66		
	399.08		-15.25		-10.30		
	399.13		-15.05		-10.43		
	399.17		-15.23		-10.83		
	399.22		-16.42		-10.94		
	399.27		-16.88		-10.69		
	399.31		-15.92		-10.61		
	399.33		-16.10		-10.73		
	399.38		-15.51		-10.41		
	399.42		-15.68		-11.03		
	399.47		-15.36		-10.94		
	399.52		-14.52		-10.46		
	399.55		-15.99		-10.67		
	399.61		-15.92		-10.57		
	399.66		-15.79		-10.53		
	399.72		-15.51		-10.26		
	399.77		-15.32		-10.54		
	399.84		-15.45		-10.54		
	399.89		-15.01		-10.75		
	399.94		-16.15		-10.33		
	400.00		-16.08		-10.73		
	400.03		-15.69		-10.88		
	400.09		-15.86		-10.70		
	400.16		-15.18		-10.39		
	400.19		-15.65		-11.02		
	400.25		-15.17		-10.58		
	400.28		-15.18		-11.16		
	400.34		-14.78		-10.50		
	400.38		-15.46		-11.04		
	400.42		-15.80		-10.46		
	400.48		-16.18		-10.57		
	400.55		-16.48		-10.70		
	400.58		-15.70		-10.13		
	400.64		-15.63		-10.79		
	400.67		-15.26		-10.64		
	400.72		-15.00		-10.55		
	400.75		-15.47		-10.73		
	400.83		-15.19		-11.03		
	400.86		-15.92		-10.80		
	400.91		-15.53		-10.87		
	400.94		-14.96		-10.81		
	400.98		-15.10		-9.97		
	401.03		-14.93		-10.10		
	401.06		-14.27		-11.08		
	401.13		-15.70		-10.58		
	401.16		-16.06		-10.46		
	401.22		-15.12		-10.27		
	401.25		-15.66		-10.84		
	401.30		-14.46		-10.59		
	401.36		-16.12		-10.97		
	401.39		-15.98		-10.55		
	401.47		-15.02		-10.72		
	401.53		-14.82		-10.73		
	401.55		-15.38		-10.15		
	401.61		-15.20		-10.11		
	401.66		-14.36		-10.29		
	401.70		-15.26		-10.30		
	401.75		-14.57		-10.18		
	401.80		-16.53		-10.86		
	401.83		-15.59		-10.36		
	401.88		-15.51		-10.18		
	401.92		-15.27		-10.64		
	401.97		-15.59		-11.01		
	402.02		-16.25		-10.70		
	402.06		-15.73		-10.70		
	402.11		-15.41		-10.46		
	402.16		-16.35		-10.28		
	402.20		-15.65		-10.19		
	402.25		-15.67		-10.95		
	402.28		-15.43		-10.54		
	402.33		-16.06		-10.65		
	402.38		-15.56		-11.11		
	402.42		-14.17		-10.63		
	402.45		-16.35		-11.31		
	402.50		-15.51		-10.97		
	402.55		-15.87		-10.59		
	402.61		-16.05		-10.79		
	402.64		-14.99		-10.82		
	402.69		-15.54		-10.95		
	402.72		-15.87		-10.51		
	402.77		-15.89		-10.86		
	402.81		-15.45		-10.43		
	402.84		-15.45		-10.95		
	402.89		-16.54		-10.75		
	402.92		-15.81		-10.73		
	402.97		-14.82		-10.43		
	403.02		-15.41		-10.50		
	403.08		-15.39		-11.09		
	403.11		-15.34		-10.73		
	403.16		-14.85		-10.22		
	403.20		-15.98		-10.51		
	403.23		-16.94		-11.70		
	403.30		-15.61		-10.81		
	403.33		-16.80		-11.22		
	403.39		-15.36		-10.78		
	403.42		-15.30		-10.65		
	403.48		-15.03		-10.97		
	403.53		-15.92		-10.87		
	403.58		-15.68		-10.80		
	403.63		-15.40		-10.23		
	403.66		-14.97		-10.52		
	403.69		-14.19		-10.63		
	403.73		-15.93		-10.39		
	403.78		-15.59		-10.32		
	403.84		-15.01		-10.72		
	403.86		-15.38		-11.31		
	403.91		-15.66		-10.49		
	403.95		-15.77		-10.56		
	404.02		-15.89		-10.23		
	404.05		-14.84		-10.74		
	404.11		-16.09		-10.66		
	404.14		-16.04		-10.87		
	404.22		-15.41		-11.00		
	404.25		-15.47		-10.59		
	404.30		-16.02		-10.87		
	404.34		-15.64		-10.83		
	404.38		-16.74		-10.85		
	404.44		-15.36		-10.63		
	404.47		-16.20		-10.69		
	404.52		-16.62		-10.93		
	404.55		-16.26		-11.01		
	404.61		-16.50		-11.01		
	404.67		-15.93		-11.00		
	404.72		-16.02		-10.94		
	404.77		-15.78		-10.64		
	404.81		-15.48		-11.24		
	404.86		-15.89		-10.15		
	404.91		-16.67		-11.14		
	404.95		-16.14		-10.71		
	405.00		-15.74		-10.83		
	405.05		-14.76		-10.67		
	405.09		-16.09		-11.08		
	405.14		-15.53		-10.38		
	405.19		-16.07		-11.11		
	405.23		-16.33		-10.50		
	405.25		-15.92		-10.42		
	405.31		-14.97		-11.09		
	405.34		-15.37		-10.52		
	405.39		-14.89		-10.23		
	405.44		-15.66		-10.79		
	405.48		-16.01		-10.56		
	405.53		-16.31		-10.84		
	405.56		-15.34		-11.38		
	405.61		-16.03		-10.82		
	405.64		-15.50		-11.17		
	405.70		-15.67		-10.19		
	405.73		-15.30		-10.09		
	405.78		-15.76		-9.93		
	405.83		-15.45		-11.03		
	405.84		-15.90		-10.64		
	405.91		-16.61		-10.73		
	405.94		-15.38		-10.67		
	406.00		-15.44		-11.10		
	406.03		-16.13		-10.86		
	406.06		-16.43		-10.75		
	406.13		-16.79		-10.48		
	406.17		-15.35		-11.09		
	406.22		-15.92		-10.49		
	406.25		-15.89		-10.60		
	406.31		-15.63		-10.86		
	406.36		-16.09		-11.19		
	406.41		-16.27		-10.83		
	406.45		-16.43		-10.79		
	406.52		-15.65		-10.57		
	406.55		-16.02		-10.48		
	406.59		-16.03		-10.86		
	406.64		-15.34		-9.99		
	406.67		-15.61		-11.09		
	406.73		-15.10		-10.36		
	406.77		-14.98		-10.59		
	406.83		-16.24		-11.01		
	406.86		-15.65		-10.53		
	406.91		-16.49		-11.24		
	406.95		-15.65		-10.79		
	406.98		-15.17		-10.39		
	407.05		-16.00		-10.44		
	407.08		-16.32		-10.61		
	407.14		-15.75		-11.01		
	407.17		-15.81		-11.03		
	407.23		-16.92		-11.32		
	407.27		-16.29		-11.02		
	407.34		-15.34		-10.33		
	407.38		-15.60		-11.01		
	407.44		-15.46		-9.88		
	407.47		-15.49		-11.78		
	407.53		-16.66		-11.06		
	407.56		-16.23		-10.39		
	407.63		-15.19		-10.61		
	407.66		-16.14		-11.24		
	407.72		-15.32		-10.61		
	407.75		-15.57		-10.65		
	407.81		-15.57		-10.73		
	407.84		-15.34		-10.55		
	407.89		-14.84		-10.63		
	407.95		-15.57		-10.43		
	408.02		-16.34		-11.47		
	408.05		-16.43		-10.42		
	408.09		-16.36		-11.24		
	408.14		-15.97		-10.55		
	408.17		-16.17		-10.95		
	408.23		-14.70		-10.44		
	408.27		-14.93		-10.93		
	408.33		-15.24		-10.63		
	408.36		-16.41		-10.94		
	408.41		-15.08		-10.81		
	408.45		-15.61		-11.17		
	408.52		-15.72		-10.66		
	408.55		-16.67		-11.17		
	408.59		-15.57		-11.23		
	408.64		-16.07		-10.80		
	408.69		-16.15		-10.18		
	408.73		-16.52		-11.09		
	408.78		-16.48		-11.19		
	408.83		-16.95		-10.49		
	408.86		-15.63		-10.94		
	408.92		-15.53		-10.72		
	408.97		-16.38		-11.25		
	409.02		-16.20		-10.57		
	409.08		-16.50		-10.89		
	409.13		-15.84		-10.84		
	409.17		-14.90		-10.57		
	409.23		-15.89		-10.64		
	409.30		-15.37		-11.02		
	409.34		-16.01		-10.48		
	409.39		-15.12		-10.41		
	409.44		-15.24		-10.51		
	409.47		-14.68		-10.64		
	409.53		-14.71		-10.25		
	409.56		-14.94		-10.36		
	409.63		-15.42		-10.95		
	409.67		-16.36		-11.16		
	409.73		-15.52		-10.56		
	409.80		-16.15		-10.83		
	409.83		-16.43		-11.25		
	409.89		-15.19		-10.73		
	409.95		-16.06		-10.27		
	409.98		-15.40		-10.45		
	410.05		-15.32		-10.73		
	410.11		-16.00		-10.70		
	410.14		-15.78		-10.57		
	410.20		-15.15		-10.64		
	410.27		-15.23		-10.63		
	410.33		-15.91		-10.68		
	410.36		-14.96		-10.96		
	410.41		-15.75		-10.86		
	410.45		-15.78		-10.45		
	410.52		-15.89		-11.62		
	410.56		-16.68		-11.62		
	410.61		-16.02		-11.56		
	410.69		-17.37		-10.95		
	410.72		-15.38		-10.79		
	410.80		-15.63		-10.48		
	410.83		-15.36		-10.15		
	410.92		-15.82		-10.73		
	410.95		-15.34		-10.62		
	411.00		-16.38		-10.78		
	411.05		-15.63		-10.64		
	411.09		-14.90		-10.80		
	411.14		-15.27		-10.30		
	411.19		-15.70		-10.43		
	411.23		-16.08		-10.69		
	411.28		-15.40		-10.45		
	411.34		-15.37		-10.45		
	411.38		-15.54		-10.46		
	411.44		-14.76		-10.60		
	411.48		-15.28		-11.10		
	411.52		-16.39		-10.55		
	411.58		-15.30		-10.95		
	411.64		-15.55		-10.80		
	411.67		-15.29		-10.53		
	411.72		-15.83		-10.21		
	411.77		-15.24		-10.52		
	411.83		-15.31		-11.03		
	411.86		-15.78		-10.87		
	411.89		-15.52		-10.79		
	411.95		-16.43		-10.79		
	412.02		-16.21		-10.50		
	412.05		-16.40		-10.60		
	412.11		-15.90		-10.87		
	412.14		-15.45		-10.73		
	412.19		-16.77		-11.40		
	412.22		-16.05		-10.94		
	412.27		-15.31		-10.13		
	412.31		-16.56		-10.95		
	412.36		-15.14		-10.42		
	412.39		-15.88		-10.86		
	412.45		-15.01		-11.31		
	412.50		-16.11		-11.40		
	412.55		-15.61		-10.81		
	412.58		-15.23		-10.52		
	412.63		-15.86		-10.44		
	412.67		-14.89		-10.60		
	412.72		-16.29		-10.72		
	412.75		-16.59		-11.16		
	412.80		-15.43		-10.35		
	412.83		-15.45		-10.58		
	412.89		-15.85		-10.62		
	412.97		-15.38		-10.23		
	413.00		-15.93		-10.46		
	413.05		-16.04		-10.72		
	413.13		-14.61		-10.89		
	413.17		-15.49		-10.33		
	413.22		-15.44		-11.23		
	413.27		-15.93		-11.10		
	413.31		-16.13		-10.52		
	413.34		-15.54		-10.49		
	413.39		-15.10		-10.77		
	413.42		-15.41		-11.03		
	413.47		-15.96		-10.70		
	413.50		-15.83		-10.73		
	413.56		-14.82		-10.51		
	413.64		-14.70		-10.03		
	413.67		-15.49		-10.52		
	413.73		-15.91		-10.49		
	413.78		-15.36		-11.22		
	413.83		-16.24		-10.85		
	413.88		-15.14		-10.67		
	413.92		-15.78		-10.75		
	413.97		-15.60		-10.55		
	414.03		-14.79		-10.90		
	414.06		-15.37		-10.94		
	414.13		-16.67		-11.09		
	414.16		-16.15		-11.17		
	414.22		-15.09		-10.59		
	414.27		-16.15		-10.45		
	414.31		-16.52		-10.40		
	414.38		-16.23		-10.62		
	414.41		-15.68		-11.00		
	414.48		-16.26		-11.06		
	414.50		-16.36		-10.93		
	414.55		-15.36		-10.44		
	414.59		-15.25		-10.72		
	414.61		-16.59		-10.65		
	414.67		-16.52		-11.46		
	414.69		-15.25		-10.12		
	414.75		-16.31		-11.07		
	414.78		-16.04		-10.69		
	414.84		-15.77		-10.15		
	414.88		-15.13		-10.19		
	414.95		-14.86		-10.37		
	415.00		-15.09		-10.55		
	415.06		-15.49		-10.66		
	415.11		-14.30		-10.43		
	415.16		-15.78		-10.01		
	415.20		-15.12		-10.45		
	415.27		-15.28		-10.65		
	415.30		-15.64		-10.87		
	415.38		-14.91		-10.31		
	415.44		-16.87		-11.16		
	415.47		-15.50		-11.38		
	415.53		-16.68		-10.83		
	415.58		-14.40		-10.65		
	415.63		-16.30		-10.68		
	415.67		-15.91		-11.02		
	415.72		-15.03		-10.24		
	415.77		-15.28		-10.69		
	415.81		-15.49		-11.25		
	415.88		-16.08		-10.43		
	415.92		-15.50		-10.52		
	415.98		-15.40		-10.27		
	416.05		-15.59		-11.24		
	416.09		-16.66		-11.17		
	416.16		-15.32		-10.85		
	416.19		-16.40		-10.86		
	416.23		-15.86		-10.78		
	416.27		-16.56		-10.57		
	416.33		-15.47		-10.81		
	416.36		-15.43		-10.50		
	416.42		-16.04		-10.38		
	416.45		-16.18		-10.72		
	416.50		-15.51		-10.91		
	416.53		-15.92		-10.95		
	416.59		-15.54		-10.20		
	416.63		-16.40		-10.79		
	416.70		-15.82		-10.57		
	416.72		-15.62		-10.86		
	416.78		-15.34		-10.85		
	416.86		-15.58		-10.83		
	416.89		-15.35		-11.18		
	416.92		-16.30		-11.07		
	416.97		-16.00		-10.44		
	417.03		-15.60		-11.09		
	417.06		-15.30		-10.81		
	417.13		-14.89		-10.79		
	417.16		-16.30		-10.64		
	417.25		-16.13		-10.63		
	417.28		-15.12		-10.15		
	417.33		-15.04		-10.05		
	417.38		-16.23		-11.14		
	417.41		-16.26		-10.74		
	417.45		-15.54		-10.80		
	417.50		-15.71		-10.70		
	417.55		-16.61		-11.40		
	417.58		-15.65		-11.25		
	417.64		-15.36		-10.52		
	417.69		-15.83		-11.18		
	417.75		-15.42		-10.93		
	417.81		-15.86		-10.32		
	417.88		-15.88		-10.86		
	417.95		-15.05		-10.69		
	418.02		-15.30		-10.35		
	418.11		-16.17		-10.37		
	418.19		-15.03		-10.24		
	418.27		-14.93		-10.10		
	418.31		-15.71		-11.14		
	418.39		-15.77		-10.30		
	418.50		-15.05		-10.88		
	418.56		-16.02		-10.23		
	418.61		-15.66		-10.34		
	418.66		-15.15		-10.72		
	418.69		-16.09		-10.93		
	418.72		-15.51		-10.75		
	418.78		-16.16		-10.95		
	418.81		-15.43		-10.32		
	418.88		-16.06		-10.34		
	418.92		-16.25		-11.32		
	419.00		-14.98		-10.89		
	419.03		-16.90		-11.63		
	419.08		-16.02		-10.94		
	419.13		-15.11		-10.79		
	419.19		-16.62		-10.66		
	419.23		-15.87		-11.09		
	419.27		-16.67		-11.02		
	419.33		-16.25		-11.09		
	419.36		-15.89		-10.87		
	419.41		-16.12		-10.78		
	419.47		-16.08		-10.50		
	419.52		-15.38		-10.71		
	419.58		-15.38		-10.12		
	419.61		-15.67		-10.30		
	419.67		-15.16		-10.42		
	419.72		-15.61		-10.55		
	419.77		-16.19		-10.42		
	419.80		-15.70		-10.93		
	419.86		-16.51		-10.47		
	419.89		-16.75		-11.08		
	419.95		-15.56		-11.16		
	419.98		-16.22		-10.93		
	420.05		-15.84		-10.54		
	420.08		-16.40		-11.02		
	420.13		-15.60		-10.81		
	420.17		-16.07		-10.73		
	420.22		-15.25		-9.93		
	420.27		-15.58		-11.08		
	420.31		-15.75		-10.48		
	420.38		-15.20		-10.88		
	420.39		-15.93		-11.03		
	420.45		-15.36		-9.78		
	420.50		-15.61		-10.51		
	420.55		-15.50		-10.37		
	420.61		-15.66		-10.84		
	420.64		-16.39		-10.86		
	420.70		-16.55		-10.79		
	420.75		-15.50		-10.33		
	420.80		-16.68		-11.54		
	420.84		-15.39		-10.41		
	420.89		-16.15		-9.86		
	420.97		-15.21		-10.78		
	421.03		-14.83		-10.36		
	421.06		-15.03		-10.46		
	421.14		-16.04		-10.80		
	421.19		-15.37		-10.71		
	421.25		-15.83		-10.73		
	421.30		-16.61		-10.96		
	421.34		-15.28		-10.53		
	421.38		-15.69		-10.88		
	421.42		-15.98		-10.86		
	421.47		-15.86		-10.63		
	421.52		-15.75		-10.25		
	421.55		-15.54		-10.46		
	421.59		-16.05		-10.72		
	421.63		-16.16		-10.56		
	421.69		-15.05		-10.39		
	421.72		-15.85		-11.24		
	421.77		-15.86		-10.89		
	421.81		-15.39		-10.38		
	421.86		-16.26		-10.86		
	421.91		-15.11		-10.74		
	421.95		-15.62		-10.44		
	422.00		-14.38		-10.87		
	422.05		-15.20		-10.39		
	422.09		-14.69		-10.68		
	422.16		-16.26		-11.01		
	422.19		-16.69		-11.15		
	422.23		-14.67		-10.20		
	422.28		-16.00		-10.44		
	422.33		-17.01		-10.69		
	422.38		-14.64		-10.90		
	422.41		-15.53		-11.07		
	422.45		-15.01		-10.53		
	422.48		-15.45		-10.28		
	422.55		-13.98		-10.26		
	422.58		-16.65		-11.48		
	422.61		-16.15		-10.79		
	422.67		-15.66		-10.53		
	422.72		-16.47		-11.00		
	422.77		-14.55		-10.17		
	422.81		-14.63		-10.42		
	422.86		-16.08		-11.79		
	422.89		-16.10		-11.32		
	422.95		-15.78		-10.72		
	422.98		-15.48		-10.59		
	423.03		-15.65		-11.18		
	423.06		-16.56		-11.18		
	423.09		-16.06		-10.64		
	423.16		-16.17		-11.02		
	423.19		-16.21		-11.15		
	423.22		-15.30		-10.50		
	423.27		-15.72		-10.73		
	423.31		-15.33		-10.89		
	423.36		-15.68		-10.31		
	423.39		-15.44		-10.35		
	423.44		-15.71		-10.81		
	423.47		-16.73		-10.84		
	423.53		-16.23		-11.01		
	423.56		-16.57		-10.80		
	423.61		-16.58		-10.53		
	423.66		-15.43		-10.05		
	423.69		-15.70		-10.20		
	423.75		-15.45		-10.58		
	423.78		-15.89		-10.40		
	423.84		-16.14		-10.67		
	423.88		-15.83		-10.65		
	423.94		-15.99		-10.74		
	423.97		-15.84		-11.09		
	424.00		-15.50		-10.89		
	424.06		-15.68		-10.72		
	424.09		-16.05		-10.72		
	424.14		-16.26		-11.25		
	424.19		-15.38		-10.87		
	424.23		-16.04		-11.00		
	424.28		-15.60		-11.04		
	424.33		-15.17		-10.80		
	424.38		-15.65		-11.15		
	424.41		-16.38		-11.01		
	424.50		-16.50		-10.78		
	424.53		-14.44		-10.17		
	424.56		-16.11		-10.93		
	424.63		-15.46		-10.73		
	424.67		-16.29		-10.94		
	424.73		-15.16		-10.82		
	424.77		-15.71		-10.36		
	424.83		-15.38		-10.30		
	424.88		-14.71		-10.86		
	424.92		-14.92		-10.73		
	424.97		-15.76		-11.25		
	425.02		-16.36		-11.01		
	425.08		-16.06		-10.88		
	425.11		-16.17		-10.87		
	425.17		-15.75		-11.32		
	425.20		-16.73		-11.15		
	425.25		-15.95		-11.24		
	425.30		-15.67		-10.49		
	425.36		-15.50		-10.79		
	425.41		-15.74		-10.44		
	425.45		-16.41		-10.97		
	425.50		-16.58		-11.11		
	425.55		-14.52		-10.09		
	425.58		-15.71		-10.81		
	425.64		-16.56		-10.64		
	425.69		-15.69		-10.73		
	425.77		-15.26		-10.45		
	425.81		-15.93		-11.23		
	425.84		-15.59		-10.51		
	425.89		-15.22		-10.33		
	425.94		-15.31		-10.27		
	425.97		-15.58		-10.92		
	426.03		-15.43		-10.35		
	426.06		-15.77		-11.22		
	426.11		-15.44		-10.83		
	426.14		-15.78		-10.18		
	426.19		-16.74		-11.08		
	426.23		-16.52		-11.32		
	426.28		-15.12		-10.26		
	426.34		-16.62		-11.24		
	426.38		-15.50		-10.48		
	426.45		-15.08		-11.01		
	426.48		-15.22		-10.96		
	426.53		-16.03		-11.33		
	426.58		-15.30		-10.35		
	426.63		-15.94		-10.46		
	426.69		-15.04		-10.42		
	426.73		-15.24		-10.81		
	426.78		-16.03		-10.71		
	426.84		-15.76		-10.30		
	426.88		-15.84		-10.93		
	426.94		-15.67		-11.16		
	426.98		-15.60		-10.47		
	427.03		-16.19		-10.39		
	427.06		-15.63		-10.67		
	427.11		-16.51		-10.37		
	427.16		-16.45		-10.88		
	427.20		-15.87		-10.55		
	427.28		-15.93		-11.03		
	427.31		-15.29		-10.57		
	427.38		-16.11		-10.59		
	427.41		-15.47		-10.59		
	427.45		-15.52		-10.82		
	427.50		-15.09		-10.62		
	427.55		-16.16		-11.25		
	427.61		-15.66		-10.64		
	427.64		-16.08		-11.16		
	427.70		-16.63		-10.54		
	427.75		-16.07		-10.92		
	427.80		-16.11		-10.74		
	427.88		-15.88		-11.17		
	427.92		-14.95		-10.51		
	427.97		-16.28		-11.25		
	428.02		-15.96		-10.69		
	428.05		-15.56		-10.50		
	428.09		-15.43		-11.18		
	428.14		-15.75		-11.19		
	428.19		-15.72		-10.78		
	428.23		-15.08		-10.62		
	428.27		-16.04		-10.75		
	428.31		-15.58		-11.08		
	428.38		-16.23		-10.74		
	428.44		-15.30		-10.42		
	428.47		-14.90		-10.53		
	428.53		-16.40		-11.40		
	428.59		-15.63		-10.82		
	428.61		-16.37		-10.78		
	428.69		-15.26		-10.45		
	428.73		-16.41		-11.18		
	428.78		-16.08		-10.50		
	428.81		-16.34		-10.50		
	428.88		-16.49		-10.46		
	428.92		-14.33		-10.32		
	428.97		-15.75		-10.86		
	429.02		-15.73		-10.59		
	429.05		-15.93		-11.25		
	429.09		-16.92		-10.45		
	429.14		-16.95		-11.14		
	429.20		-16.54		-11.10		
	429.23		-15.77		-10.45		
	429.30		-15.71		-10.28		
	429.33		-15.39		-10.60		
	429.39		-16.20		-10.84		
	429.45		-15.96		-11.16		
	429.48		-16.42		-10.91		
	429.55		-14.48		-10.81		
	429.59		-15.92		-10.42		
	429.64		-15.30		-10.95		
	429.67		-14.89		-10.45		
	429.73		-16.31		-11.15		
	429.77		-15.11		-10.07		
	429.83		-15.47		-10.59		
	429.88		-15.41		-10.95		
	429.92		-16.00		-11.38		
	429.98		-15.30		-10.39		
	430.02		-16.15		-11.18		
	430.08		-16.08		-10.36		
	430.13		-14.91		-10.12		
	430.17		-13.90		-10.34		
	430.20		-16.15		-10.94		
	430.27		-14.82		-10.40		
	430.33		-15.36		-10.26		
	430.36		-15.94		-10.88		
	430.41		-16.00		-11.01		
	430.45		-15.60		-10.81		
	430.50		-14.95		-10.58		
	430.55		-16.47		-10.88		
	430.58		-15.74		-11.16		
	430.64		-16.67		-11.06		
	430.70		-15.39		-10.82		
	430.73		-16.42		-10.75		
	430.80		-16.06		-10.72		
	430.84		-14.63		-10.89		
	430.89		-16.48		-10.61		
	430.94		-15.97		-11.00		
	430.98		-14.80		-10.65		
	431.03		-16.10		-10.65		
	431.08		-15.78		-10.75		
	431.13		-15.92		-11.02		
	431.17		-16.38		-10.62		
	431.23		-15.34		-11.11		
	431.30		-16.33		-10.69		
	431.33		-15.64		-10.53		
	431.39		-15.58		-10.43		
	431.42		-15.68		-10.68		
	431.48		-14.32		-10.55		
	431.50		-15.51		-10.87		
	431.56		-16.09		-10.73		
	431.61		-16.15		-10.45		
	431.66		-16.13		-10.48		
	431.72		-15.91		-10.53		
	431.75		-15.75		-10.52		
	431.83		-15.44		-10.28		
	431.86		-14.70		-10.51		
	431.91		-15.02		-10.89		
	431.95		-15.25		-10.89		
	432.00		-15.77		-11.38		
	432.05		-15.55		-10.42		
	432.09		-15.37		-10.89		
	432.14		-15.99		-10.97		
	432.20		-15.68		-10.57		
	432.27		-16.82		-10.87		
	432.30		-16.49		-10.93		
	432.33		-15.50		-10.59		
	432.38		-14.78		-10.64		
	432.41		-15.64		-10.87		
	432.45		-15.28		-10.53		
	432.52		-15.69		-10.95		
	432.55		-15.20		-10.73		
	432.63		-15.84		-11.40		
	432.66		-16.39		-10.93		
	432.72		-15.70		-10.66		
	432.75		-17.08		-10.83		
	432.81		-15.16		-10.16		
	432.84		-15.91		-10.76		
	432.91		-15.55		-10.72		
	432.94		-14.87		-10.87		
	432.98		-16.10		-10.62		
	433.03		-16.36		-11.47		
	433.09		-15.47		-10.21		
	433.13		-15.39		-10.79		
	433.19		-15.29		-10.75		
	433.25		-15.88		-10.78		
	433.28		-16.17		-10.79		
	433.34		-15.52		-11.02		
	433.39		-15.99		-10.86		
	433.44		-15.59		-10.47		
	433.52		-15.18		-10.13		
	433.55		-15.88		-10.22		
	433.61		-15.03		-10.12		
	433.64		-15.47		-10.74		
	433.69		-16.04		-10.56		
	433.73		-16.44		-11.33		
	433.77		-16.01		-10.67		
	433.83		-15.59		-10.78		
	433.88		-16.34		-10.92		
	433.92		-15.65		-10.60		
	433.97		-16.04		-10.49		
	434.03		-15.40		-11.09		
	434.08		-15.85		-10.93		
	434.11		-14.96		-10.58		
	434.16		-15.77		-10.72		
	434.20		-15.49		-10.92		
	434.23		-16.31		-10.64		
	434.30		-15.20		-10.25		
	434.34		-16.49		-10.88		
	434.41		-15.47		-10.81		
	434.45		-14.80		-10.02		
	434.50		-16.01		-10.86		
	434.53		-16.47		-10.43		
	434.59		-15.91		-10.53		
	434.63		-15.46		-10.66		
	434.69		-15.45		-10.98		
	434.72		-16.07		-10.58		
	434.77		-16.32		-11.31		
	434.81		-15.68		-10.43		
	434.84		-16.11		-10.44		
	434.91		-15.26		-10.11		
	434.94		-16.46		-10.43		
	434.98		-15.25		-10.52		
	435.05		-15.47		-10.70		
	435.09		-16.00		-10.52		
	435.14		-15.17		-10.80		
