	 time 		 X 		 Y

	253.83		-15.78		-12.05		
	253.88		-17.19		-11.61		
	253.91		-15.92		-10.31		
	253.98		-15.87		-10.71		
	254.05		-15.74		-10.56		
	254.11		-15.65		-10.34		
	254.17		-15.94		-10.77		
	254.23		-14.83		-10.14		
	254.27		-14.73		-9.90		
	254.34		-15.35		-10.37		
	254.38		-15.59		-10.86		
	254.44		-16.02		-10.79		
	254.52		-15.52		-10.46		
	254.56		-15.13		-10.75		
	254.63		-15.85		-10.74		
	254.66		-15.32		-10.59		
	254.72		-15.29		-10.50		
	254.75		-15.77		-10.69		
	254.81		-15.58		-10.66		
	254.84		-15.98		-10.40		
	254.91		-16.11		-10.59		
	254.92		-15.52		-10.09		
	254.98		-16.28		-10.99		
	255.02		-15.31		-10.94		
	255.06		-15.49		-10.19		
	255.11		-16.41		-10.80		
	255.16		-16.12		-11.05		
	255.20		-15.46		-10.81		
	255.27		-15.60		-11.09		
	255.34		-15.82		-11.19		
	255.38		-16.62		-11.01		
	255.44		-16.69		-10.80		
	255.47		-16.46		-10.43		
	255.55		-15.72		-10.74		
	255.58		-15.94		-11.01		
	255.63		-15.15		-10.09		
	255.66		-14.91		-10.88		
	255.72		-15.36		-10.30		
	255.78		-16.29		-10.76		
	255.81		-15.96		-10.51		
	255.89		-15.19		-10.62		
	255.97		-15.03		-10.53		
	256.00		-16.10		-10.66		
	256.06		-16.52		-11.09		
	256.13		-16.67		-10.71		
	256.16		-16.49		-11.01		
	256.20		-16.27		-10.64		
	256.25		-16.13		-10.40		
	256.30		-16.00		-10.34		
	256.34		-15.63		-10.30		
	256.41		-15.41		-10.88		
	256.44		-15.23		-10.34		
	256.48		-16.62		-11.12		
	256.53		-15.72		-10.37		
	256.58		-16.18		-10.34		
	256.63		-15.51		-10.92		
	256.66		-16.35		-10.66		
	256.70		-16.34		-10.51		
	256.73		-16.13		-10.82		
	256.80		-16.81		-10.95		
	256.83		-16.81		-11.03		
	256.88		-16.10		-11.09		
	256.92		-15.68		-11.26		
	256.95		-16.02		-11.00		
	257.02		-15.12		-10.26		
	257.05		-15.95		-10.51		
	257.09		-16.40		-10.64		
	257.13		-15.87		-10.71		
	257.17		-15.37		-10.56		
	257.23		-14.93		-10.32		
	257.27		-16.29		-10.84		
	257.33		-16.60		-11.09		
	257.36		-16.18		-11.05		
	257.41		-15.60		-10.71		
	257.45		-15.55		-10.80		
	257.48		-15.50		-10.92		
	257.55		-15.66		-10.50		
	257.58		-16.08		-10.28		
	257.63		-15.40		-10.46		
	257.67		-15.08		-10.62		
	257.70		-16.37		-11.17		
	257.77		-15.51		-10.68		
	257.80		-15.68		-10.88		
	257.84		-15.28		-10.39		
	257.89		-16.48		-11.33		
	257.94		-15.83		-11.01		
	258.00		-15.50		-10.68		
	258.03		-15.84		-10.74		
	258.09		-16.08		-11.24		
	258.13		-16.12		-10.86		
	258.17		-15.18		-10.55		
	258.22		-14.46		-10.08		
	258.25		-15.94		-10.93		
	258.33		-15.72		-11.10		
	258.34		-15.94		-10.73		
	258.39		-15.54		-10.61		
	258.45		-15.53		-10.73		
	258.50		-15.61		-10.15		
	258.55		-15.96		-10.55		
	258.58		-15.12		-10.60		
	258.63		-16.29		-10.72		
	258.67		-15.40		-10.76		
	258.69		-15.53		-10.88		
	258.75		-15.21		-10.56		
	258.78		-15.98		-10.52		
	258.81		-15.86		-10.78		
	258.88		-15.82		-11.01		
	258.92		-16.24		-11.12		
	258.97		-15.17		-10.89		
	259.00		-15.94		-11.03		
	259.06		-15.73		-10.86		
	259.09		-15.41		-9.70		
	259.14		-15.89		-10.33		
	259.19		-16.20		-10.35		
	259.22		-16.56		-11.03		
	259.28		-14.69		-10.21		
	259.31		-15.68		-11.56		
	259.36		-15.55		-10.69		
	259.41		-14.97		-10.67		
	259.45		-15.76		-11.02		
	259.50		-15.83		-10.40		
	259.53		-16.39		-10.91		
	259.59		-15.36		-9.96		
	259.63		-16.56		-10.57		
	259.69		-15.12		-10.38		
	259.72		-16.74		-10.93		
	259.77		-14.99		-10.56		
	259.81		-15.90		-10.34		
	259.86		-15.96		-10.21		
	259.91		-15.86		-10.48		
	259.95		-15.96		-10.70		
	260.00		-16.12		-11.02		
	260.05		-15.61		-10.75		
	260.09		-16.34		-10.96		
	260.14		-15.44		-10.93		
	260.17		-16.26		-10.98		
	260.22		-14.37		-10.12		
	260.25		-16.25		-10.97		
	260.30		-16.02		-10.91		
	260.36		-16.10		-10.21		
	260.41		-16.03		-11.03		
	260.48		-15.54		-11.03		
	260.55		-16.44		-10.65		
	260.58		-15.98		-10.22		
	260.63		-16.04		-10.80		
	260.67		-15.73		-10.37		
	260.72		-15.51		-10.60		
	260.77		-16.80		-11.33		
	260.80		-15.71		-10.74		
	260.86		-16.19		-10.96		
	260.89		-15.65		-10.89		
	260.92		-15.58		-10.36		
	260.97		-15.25		-10.38		
	261.02		-16.65		-10.60		
	261.06		-15.89		-11.03		
	261.09		-14.71		-10.66		
	261.16		-15.90		-10.65		
	261.19		-15.24		-10.37		
	261.23		-16.16		-11.10		
	261.28		-15.36		-10.15		
	261.31		-14.70		-10.94		
	261.38		-15.03		-10.85		
	261.41		-15.42		-10.80		
	261.45		-15.89		-10.75		
	261.50		-16.12		-11.02		
	261.53		-15.91		-10.64		
	261.59		-15.67		-9.94		
	261.63		-16.54		-10.71		
	261.67		-14.69		-10.48		
	261.72		-16.55		-11.18		
	261.75		-15.67		-10.46		
	261.81		-15.98		-10.82		
	261.84		-16.19		-11.48		
	261.89		-15.91		-10.76		
	261.94		-16.00		-10.22		
	261.98		-15.85		-10.71		
	262.03		-16.53		-11.07		
	262.06		-15.53		-10.88		
	262.13		-15.17		-11.06		
	262.16		-15.83		-10.33		
	262.20		-15.74		-10.75		
	262.25		-16.57		-10.84		
	262.28		-16.29		-10.87		
	262.34		-14.59		-10.48		
	262.38		-15.62		-10.79		
	262.42		-15.15		-10.46		
	262.47		-16.33		-10.73		
	262.52		-16.71		-11.32		
	262.56		-15.11		-9.97		
	262.59		-14.89		-10.35		
	262.64		-14.56		-10.28		
	262.70		-16.25		-11.17		
	262.73		-15.30		-10.36		
	262.78		-14.81		-10.89		
	262.83		-15.42		-11.06		
	262.88		-14.48		-6.43		
	262.92		-14.36		-5.41		
	262.95		-15.06		-3.89		
	263.02		-15.51		-3.39		
	263.05		-15.32		-1.87		
	263.11		-15.16		-0.82		
	263.14		-15.35		0.29		
	263.20		-15.24		0.71		
	263.23		-15.22		1.07		
	263.30		-15.16		1.51		
	263.33		-14.85		1.89		
	263.39		-14.94		2.23		
	263.42		-15.00		2.52		
	263.48		-14.98		2.74		
	263.52		-15.17		2.99		
	263.56		-15.26		3.11		
	263.59		-15.40		3.40		
	263.66		-15.43		3.41		
	263.69		-15.37		3.42		
	263.73		-15.75		3.31		
	263.80		-15.57		3.20		
	263.84		-15.63		2.51		
	263.91		-15.62		2.10		
	263.94		-15.72		1.85		
	263.98		-16.05		1.20		
	264.03		-15.93		1.54		
	264.06		-15.43		1.85		
	264.14		-14.84		2.05		
	264.17		-14.80		2.07		
	264.23		-14.60		2.08		
	264.27		-14.62		1.70		
	264.31		-14.85		1.85		
	264.36		-14.79		1.68		
	264.41		-14.99		1.66		
	264.47		-14.60		1.63		
	264.50		-15.14		1.23		
	264.56		-14.99		1.27		
	264.59		-14.86		1.25		
	264.66		-14.82		1.27		
	264.70		-14.82		1.18		
	264.75		-14.71		1.26		
	264.81		-15.03		1.31		
	264.84		-14.88		1.21		
	264.91		-15.06		1.26		
	264.94		-15.10		1.22		
	265.00		-14.98		1.10		
	265.03		-15.03		0.88		
	265.08		-14.83		0.78		
	265.13		-14.97		0.35		
	265.19		-15.01		0.27		
	265.22		-14.98		0.27		
	265.28		-14.92		0.34		
	265.33		-15.18		0.32		
	265.39		-14.86		0.30		
	265.42		-14.76		0.60		
	265.48		-15.15		0.29		
	265.53		-14.77		0.28		
	265.58		-14.85		0.01		
	265.63		-14.56		0.54		
	265.69		-13.94		1.16		
	265.75		-13.65		-0.77		
	265.81		-15.02		-8.95		
	265.84		-15.71		-11.09		
	265.91		-15.66		-10.91		
	265.94		-14.87		-10.34		
	266.02		-15.89		-10.68		
	266.05		-15.95		-11.08		
	266.11		-16.60		-10.88		
	266.16		-15.48		-10.71		
	266.22		-16.02		-10.30		
	266.25		-15.81		-10.93		
	266.30		-15.85		-10.67		
	266.36		-15.95		-11.32		
	266.42		-4.07		-12.53		
	266.47		-2.05		-11.69		
	266.52		-3.02		-12.52		
	266.55		-15.98		-11.18		
	266.61		-15.59		-10.40		
	266.64		-15.74		-10.63		
	266.69		-16.05		-10.34		
	266.73		-15.11		-10.07		
	266.80		-15.68		-10.88		
	266.83		-16.07		-11.00		
	266.89		-15.66		-10.53		
	266.92		-15.33		-10.74		
	267.00		-15.65		-10.87		
	267.05		-16.04		-10.80		
	267.09		-16.26		-10.67		
	267.14		-15.78		-10.64		
	267.20		-17.29		-11.62		
	267.23		-15.40		-10.23		
	267.30		-15.36		-10.34		
	267.33		-15.28		-10.39		
	267.38		-15.61		-10.67		
	267.42		-15.43		-11.01		
	267.45		-15.54		-10.46		
	267.52		-15.29		-10.27		
	267.55		-16.35		-11.24		
	267.59		-14.92		-10.78		
	267.64		-16.57		-10.65		
	267.69		-15.26		-10.30		
	267.75		-15.42		-10.50		
	267.78		-15.57		-10.93		
	267.83		-16.25		-11.01		
	267.88		-15.34		-10.44		
	267.92		-15.29		-11.01		
	267.95		-14.36		-10.05		
	268.02		-15.25		-10.64		
	268.05		-15.92		-10.42		
	268.11		-15.68		-10.65		
	268.14		-16.41		-10.72		
	268.20		-15.18		-10.81		
	268.23		-14.93		-10.54		
	268.30		-15.81		-11.16		
	268.34		-16.11		-11.40		
	268.39		-15.73		-10.52		
	268.42		-16.26		-10.48		
	268.48		-15.31		-9.98		
	268.52		-15.50		-10.00		
	268.58		-16.30		-10.52		
	268.61		-14.40		-9.81		
	268.66		-15.21		-10.21		
	268.70		-15.63		-10.64		
	268.73		-14.91		-10.53		
	268.80		-15.24		-10.60		
	268.84		-15.52		-10.69		
	268.88		-14.98		-9.90		
	268.94		-16.62		-11.21		
	268.97		-14.86		-10.07		
	269.03		-15.29		-10.65		
	269.06		-15.82		-11.01		
	269.11		-15.19		-10.51		
	269.16		-16.96		-11.03		
	269.20		-15.94		-10.58		
	269.25		-17.32		-11.02		
	269.28		-16.12		-10.78		
	269.36		-14.84		-10.18		
	269.39		-15.79		-10.80		
	269.44		-16.06		-10.92		
	269.48		-15.54		-11.03		
	269.53		-15.21		-10.48		
	269.59		-15.35		-10.22		
	269.64		-16.09		-10.38		
	269.69		-14.91		-10.57		
	269.73		-16.63		-11.09		
	269.78		-15.50		-11.02		
	269.84		-15.04		-11.47		
	269.88		-15.36		-10.59		
	269.94		-15.68		-10.96		
	269.97		-15.94		-10.77		
	270.00		-16.13		-10.00		
	270.06		-14.80		-10.77		
	270.11		-16.15		-10.72		
	270.17		-15.08		-10.48		
	270.20		-16.55		-11.55		
	270.27		-16.84		-11.08		
	270.30		-15.03		-10.68		
	270.34		-16.11		-10.12		
	270.39		-16.04		-10.95		
	270.42		-14.81		-10.14		
	270.47		-15.32		-10.43		
	270.52		-16.59		-10.81		
	270.56		-15.58		-10.89		
	270.61		-14.90		-11.03		
	270.64		-16.18		-10.73		
	270.70		-15.80		-10.65		
	270.75		-16.55		-11.39		
	270.81		-15.93		-10.88		
	270.84		-15.93		-11.24		
	270.91		-16.19		-10.80		
	270.95		-16.06		-10.87		
	271.00		-15.95		-10.58		
	271.03		-15.93		-10.95		
	271.09		-16.30		-10.75		
	271.13		-15.58		-10.70		
	271.17		-15.96		-11.24		
	271.23		-15.95		-10.88		
	271.28		-16.18		-10.65		
	271.33		-14.95		-10.11		
	271.36		-15.00		-10.56		
	271.41		-14.97		-10.67		
	271.45		-15.46		-10.94		
	271.50		-15.33		-10.66		
	271.55		-15.73		-10.40		
	271.58		-15.29		-10.05		
	271.64		-14.82		-10.40		
	271.67		-16.04		-10.76		
	271.73		-16.24		-11.17		
	271.77		-16.03		-10.79		
	271.80		-16.44		-10.49		
	271.86		-16.60		-10.73		
	271.89		-15.54		-10.39		
	271.95		-16.35		-11.17		
	271.98		-16.48		-10.39		
	272.03		-15.42		-10.43		
	272.09		-16.19		-10.27		
	272.13		-14.73		-9.91		
	272.17		-15.77		-11.26		
	272.20		-15.43		-10.70		
	272.27		-15.72		-10.78		
	272.30		-14.88		-10.49		
	272.34		-16.58		-11.56		
	272.39		-15.18		-10.36		
	272.42		-15.59		-10.44		
	272.48		-15.92		-11.39		
	272.52		-15.70		-10.70		
	272.56		-15.44		-10.89		
	272.64		-16.12		-10.71		
	272.67		-15.37		-10.60		
	272.73		-17.31		-11.55		
	272.78		-16.21		-11.48		
	272.81		-15.57		-10.28		
	272.88		-15.20		-10.18		
	272.91		-16.72		-10.84		
	272.97		-15.82		-10.88		
	273.00		-16.27		-10.56		
	273.06		-15.19		-9.88		
	273.11		-14.75		-10.49		
	273.17		-16.32		-11.03		
	273.22		-15.20		-10.81		
	273.27		-16.27		-10.83		
	273.31		-16.20		-10.91		
	273.36		-14.75		-10.05		
	273.45		-15.65		-10.88		
	273.48		-15.92		-11.18		
	273.56		-15.58		-10.62		
	273.59		-15.73		-11.54		
	273.67		-15.48		-10.48		
	273.73		-15.83		-10.96		
	273.78		-15.87		-10.40		
	273.84		-15.82		-11.00		
	273.91		-16.87		-11.01		
	273.95		-16.12		-9.92		
	274.06		-15.30		-10.50		
	274.11		-15.84		-10.44		
	274.17		-14.82		-9.91		
	274.23		-15.70		-10.35		
	274.28		-15.64		-11.11		
	274.34		-16.33		-11.16		
	274.42		-14.73		-10.52		
	274.45		-15.95		-10.96		
	274.50		-16.78		-11.62		
	274.55		-16.89		-11.09		
	274.61		-14.48		-10.37		
	274.64		-16.22		-11.09		
	274.70		-15.65		-10.95		
	274.73		-15.74		-10.48		
	274.78		-16.11		-10.59		
	274.83		-15.21		-10.44		
	274.88		-15.50		-10.72		
	274.92		-15.58		-10.63		
	274.97		-16.03		-11.02		
	275.03		-15.84		-10.86		
	275.08		-16.12		-10.59		
	275.13		-15.76		-11.02		
	275.17		-14.87		-10.75		
	275.23		-16.40		-10.94		
	275.30		-15.75		-10.75		
	275.33		-15.92		-10.53		
	275.39		-14.95		-10.88		
	275.44		-15.45		-10.40		
	275.47		-14.59		-11.04		
	275.53		-16.08		-10.61		
	275.58		-16.58		-11.11		
	275.63		-15.14		-10.80		
	275.67		-15.99		-9.92		
	275.70		-15.03		-11.00		
	275.78		-15.47		-10.51		
	275.81		-15.34		-10.22		
	275.88		-15.76		-10.94		
	275.91		-15.70		-10.51		
	275.97		-14.74		-10.26		
	276.00		-15.34		-10.89		
	276.06		-14.46		-10.47		
	276.09		-16.22		-11.08		
	276.16		-15.94		-11.04		
	276.19		-15.65		-10.27		
	276.25		-15.57		-10.78		
	276.30		-15.85		-10.78		
	276.34		-16.25		-10.71		
	276.41		-16.20		-10.89		
	276.47		-16.28		-11.07		
	276.50		-15.95		-10.81		
	276.56		-15.26		-10.38		
	276.61		-16.51		-10.71		
	276.66		-14.77		-10.65		
	276.72		-16.23		-11.09		
	276.77		-15.15		-10.46		
	276.81		-14.46		-10.14		
	276.88		-15.39		-11.10		
	276.91		-15.14		-10.61		
	276.95		-15.84		-10.70		
	277.03		-15.36		-10.60		
	277.08		-14.75		-10.19		
	277.11		-15.51		-11.23		
	277.17		-15.57		-10.96		
	277.20		-14.71		-10.37		
	277.27		-16.38		-10.55		
	277.30		-15.25		-10.05		
	277.34		-15.24		-10.22		
	277.39		-14.94		-10.25		
	277.42		-15.24		-10.95		
	277.48		-15.56		-11.01		
	277.53		-16.03		-10.60		
	277.58		-16.80		-11.15		
	277.64		-15.46		-10.89		
	277.67		-15.09		-10.82		
	277.73		-15.46		-10.66		
	277.77		-15.71		-9.91		
	277.83		-15.13		-10.82		
	277.86		-14.65		-10.61		
	277.92		-15.47		-10.63		
	277.95		-14.85		-10.41		
	278.00		-15.66		-10.83		
	278.03		-15.36		-10.67		
	278.08		-15.66		-11.15		
	278.13		-14.86		-10.08		
	278.19		-15.65		-10.53		
	278.23		-14.49		-10.16		
	278.28		-14.98		-10.22		
	278.33		-14.75		-10.34		
	278.34		-15.38		-10.99		
	278.42		-15.61		-10.67		
	278.45		-16.68		-10.99		
	278.50		-15.57		-10.32		
	278.53		-15.68		-10.88		
	278.56		-15.40		-10.09		
	278.59		-15.39		-10.72		
	278.66		-16.18		-11.08		
	278.69		-15.40		-10.19		
	278.75		-14.49		-10.60		
	278.80		-16.02		-10.90		
	278.83		-14.97		-10.25		
	278.89		-15.82		-10.23		
	278.94		-16.24		-10.67		
	279.00		-15.51		-10.16		
	279.06		-16.39		-11.25		
	279.09		-15.06		-10.17		
	279.14		-16.04		-11.21		
	279.19		-15.68		-10.96		
	279.23		-15.64		-11.16		
	279.28		-16.25		-10.94		
	279.33		-15.21		-10.62		
	279.38		-15.83		-10.43		
	279.42		-14.75		-10.23		
	279.45		-16.79		-10.71		
	279.52		-16.21		-10.88		
	279.55		-15.59		-10.63		
	279.59		-15.12		-10.74		
	279.66		-15.84		-10.44		
	279.69		-15.10		-10.67		
	279.73		-15.58		-10.96		
	279.77		-15.48		-11.10		
	279.83		-15.35		-10.71		
	279.86		-15.16		-10.46		
	279.92		-15.10		-10.79		
	279.95		-15.70		-10.59		
	280.02		-16.25		-10.63		
	280.05		-16.27		-10.71		
	280.11		-15.48		-10.67		
	280.14		-15.59		-10.21		
	280.20		-15.53		-10.80		
	280.25		-15.83		-10.81		
	280.30		-15.63		-10.52		
	280.34		-16.43		-11.42		
	280.39		-15.70		-11.19		
	280.44		-16.04		-10.92		
	280.48		-14.96		-10.29		
	280.52		-15.36		-10.33		
	280.58		-16.04		-10.80		
	280.61		-15.95		-11.01		
	280.66		-14.63		-10.41		
	280.70		-15.08		-10.18		
	280.75		-16.07		-11.03		
	280.80		-14.60		-10.15		
	280.84		-15.47		-10.78		
	280.88		-16.05		-11.32		
	280.94		-15.67		-11.11		
	280.98		-15.46		-10.59		
	281.02		-15.44		-10.66		
	281.08		-15.25		-10.45		
	281.16		-15.83		-10.21		
	281.19		-15.25		-11.02		
	281.23		-15.95		-10.70		
	281.28		-15.13		-10.42		
	281.33		-16.08		-10.66		
	281.36		-14.26		-10.09		
	281.44		-15.63		-10.34		
	281.50		-15.54		-10.69		
	281.55		-16.76		-11.46		
	281.58		-15.80		-10.35		
	281.64		-14.92		-10.88		
	281.72		-16.26		-10.71		
	281.77		-15.39		-10.83		
	281.83		-16.96		-10.72		
	281.89		-15.64		-10.72		
	281.92		-14.69		-10.06		
	281.98		-14.43		-10.10		
	282.00		-14.81		-10.66		
	282.06		-14.90		-10.68		
	282.11		-15.37		-10.72		
	282.17		-16.03		-10.23		
	282.20		-15.81		-10.65		
	282.28		-15.68		-10.66		
	282.33		-14.75		-11.10		
	282.39		-15.68		-10.65		
	282.42		-15.63		-10.48		
	282.48		-15.14		-11.06		
	282.52		-15.14		-10.46		
	282.58		-15.69		-10.88		
	282.61		-15.68		-10.88		
	282.67		-15.44		-10.51		
	282.70		-15.80		-10.88		
	282.77		-16.62		-11.09		
	282.80		-16.14		-10.15		
	282.84		-15.77		-10.49		
	282.89		-14.68		-11.18		
	282.95		-16.09		-10.81		
	283.02		-15.83		-10.74		
	283.06		-15.82		-10.62		
	283.11		-15.09		-10.37		
	283.17		-14.91		-10.85		
	283.20		-14.75		-10.53		
	283.27		-15.62		-10.52		
	283.30		-14.86		-10.79		
	283.36		-15.24		-10.30		
	283.38		-15.66		-10.87		
	283.44		-15.48		-10.74		
	283.47		-15.51		-10.56		
	283.53		-15.19		-10.81		
	283.59		-16.44		-10.80		
	283.63		-15.71		-11.15		
	283.67		-15.79		-10.57		
	283.70		-15.41		-10.34		
	283.77		-15.26		-10.82		
	283.80		-14.71		-10.07		
	283.84		-15.42		-10.65		
	283.89		-15.21		-9.99		
	283.97		-16.59		-10.58		
	283.98		-15.28		-10.57		
	284.05		-14.61		-10.82		
	284.08		-15.88		-10.38		
	284.14		-15.58		-10.63		
	284.19		-15.73		-10.86		
	284.23		-15.22		-10.59		
	284.27		-14.67		-10.32		
	284.30		-15.04		-10.31		
	284.36		-15.18		-10.25		
	284.42		-15.92		-11.31		
	284.45		-15.65		-10.80		
	284.48		-16.03		-11.39		
	284.55		-16.20		-11.16		
	284.58		-15.45		-9.74		
	284.63		-14.49		-10.49		
	284.64		-16.21		-10.93		
	284.70		-14.59		-10.40		
	284.75		-15.41		-10.65		
	284.81		-14.93		-10.32		
	284.84		-14.88		-10.67		
	284.92		-15.91		-10.65		
	284.95		-15.84		-10.66		
	285.02		-15.87		-11.10		
	285.06		-15.65		-10.57		
	285.11		-16.24		-11.01		
	285.17		-15.43		-10.95		
	285.20		-15.73		-10.93		
	285.27		-15.04		-11.03		
	285.30		-17.13		-10.36		
	285.38		-15.22		-10.74		
	285.42		-14.79		-10.06		
	285.47		-15.01		-10.53		
	285.52		-16.12		-10.37		
	285.58		-14.81		-10.07		
	285.63		-14.73		-10.67		
	285.67		-15.42		-10.61		
	285.72		-16.41		-10.71		
	285.78		-16.03		-10.49		
	285.83		-16.10		-10.47		
	285.89		-16.07		-10.20		
	285.92		-15.46		-10.74		
	285.98		-16.08		-10.58		
	286.02		-15.32		-10.59		
	286.08		-15.83		-10.51		
	286.14		-15.23		-10.45		
	286.17		-16.26		-10.94		
	286.23		-15.26		-10.16		
	286.27		-16.70		-11.19		
	286.31		-15.75		-10.79		
	286.36		-16.39		-10.52		
	286.39		-15.96		-10.51		
	286.47		-15.90		-10.57		
	286.55		-15.26		-10.11		
	286.59		-15.66		-10.57		
	286.66		-15.66		-10.16		
	286.72		-15.43		-10.61		
	286.75		-15.51		-10.16		
	286.81		-14.95		-10.22		
	286.84		-15.46		-10.77		
	286.91		-14.95		-10.66		
	286.97		-15.24		-10.49		
	287.00		-15.20		-10.11		
	287.06		-15.15		-10.57		
	287.11		-15.44		-10.18		
	287.16		-15.66		-10.49		
	287.19		-15.61		-10.86		
	287.25		-15.55		-10.65		
	287.30		-14.80		-10.21		
	287.33		-15.97		-10.59		
	287.39		-15.88		-10.76		
	287.44		-16.11		-10.63		
	287.48		-15.44		-10.36		
	287.55		-15.29		-10.35		
	287.58		-16.71		-11.31		
	287.64		-15.26		-10.08		
	287.70		-15.56		-10.39		
	287.73		-14.35		-10.04		
	287.80		-14.60		-10.12		
	287.84		-15.62		-10.41		
	287.89		-15.84		-10.66		
	287.92		-15.10		-10.44		
	287.98		-15.31		-10.66		
	288.00		-16.17		-10.92		
	288.06		-15.21		-9.89		
	288.09		-15.96		-10.47		
	288.16		-15.59		-11.11		
	288.19		-16.20		-11.00		
	288.23		-15.00		-10.60		
	288.30		-14.67		-10.06		
	288.34		-15.10		-10.07		
	288.39		-15.49		-10.00		
	288.44		-15.85		-10.36		
	288.48		-15.29		-10.05		
	288.52		-15.76		-10.95		
	288.58		-15.08		-10.18		
	288.61		-15.58		-10.66		
	288.66		-15.83		-10.81		
	288.69		-16.09		-10.51		
	288.75		-15.61		-11.02		
	288.78		-15.97		-10.74		
	288.84		-14.91		-9.92		
	288.89		-15.56		-10.20		
	288.95		-15.92		-10.65		
	288.98		-16.01		-10.56		
	289.03		-15.39		-10.23		
	289.09		-14.82		-10.59		
	289.13		-16.39		-10.40		
	289.17		-15.63		-10.68		
	289.22		-16.39		-11.48		
	289.28		-16.32		-10.76		
	289.31		-14.61		-10.34		
	289.38		-15.83		-10.69		
	289.42		-15.53		-10.92		
	289.47		-15.82		-10.58		
	289.50		-15.94		-10.58		
	289.55		-15.65		-10.87		
	289.61		-16.41		-11.10		
	289.64		-15.65		-10.95		
	289.70		-15.69		-10.81		
	289.75		-15.20		-10.88		
	289.80		-15.01		-10.57		
	289.84		-16.53		-11.10		
	289.89		-15.39		-10.19		
	289.94		-14.95		-10.71		
	289.98		-15.35		-11.02		
	290.05		-16.23		-10.93		
	290.08		-15.31		-10.47		
	290.14		-15.91		-10.41		
	290.17		-14.97		-10.30		
	290.25		-16.06		-10.50		
	290.28		-15.10		-10.52		
	290.33		-15.43		-10.73		
	290.39		-15.64		-10.38		
	290.42		-15.33		-10.11		
	290.52		-14.87		-10.53		
	290.56		-16.36		-10.86		
	290.63		-15.96		-11.01		
	290.66		-15.39		-10.49		
	290.73		-15.95		-10.85		
	290.77		-15.92		-10.72		
	290.81		-16.15		-10.90		
	290.89		-15.93		-11.11		
	290.92		-15.73		-10.14		
	290.98		-14.96		-10.47		
	291.02		-15.90		-10.91		
	291.08		-15.05		-10.61		
	291.11		-16.18		-11.03		
	291.19		-15.89		-10.45		
	291.22		-15.51		-10.35		
	291.28		-15.52		-10.31		
	291.31		-16.56		-11.03		
	291.39		-15.59		-10.21		
	291.42		-15.52		-10.49		
	291.48		-15.94		-10.58		
	291.52		-15.37		-10.60		
	291.56		-13.48		-10.57		
	291.61		-15.51		-10.45		
	291.66		-15.36		-10.97		
	291.69		-14.47		-10.41		
	291.77		-15.19		-10.43		
	291.80		-15.26		-11.10		
	291.86		-15.79		-10.57		
	291.91		-15.58		-11.19		
	291.95		-16.01		-10.45		
	292.02		-14.83		-10.48		
	292.06		-15.13		-10.38		
	292.13		-14.50		-10.80		
	292.17		-15.42		-10.73		
	292.22		-15.83		-10.96		
	292.27		-15.39		-10.80		
	292.33		-15.88		-10.79		
	292.38		-14.67		-10.35		
	292.42		-14.88		-10.53		
	292.47		-15.17		-10.54		
	292.52		-15.73		-10.87		
	292.58		-14.90		-10.82		
	292.63		-16.29		-10.56		
	292.69		-16.00		-10.59		
	292.72		-16.22		-10.93		
	292.80		-14.97		-9.79		
	292.83		-15.63		-11.20		
	292.89		-15.93		-10.65		
	292.92		-15.80		-10.50		
	292.97		-15.57		-10.43		
	293.03		-15.18		-10.70		
	293.06		-15.61		-10.87		
	293.13		-15.79		-10.72		
	293.16		-15.15		-10.09		
	293.22		-14.43		-10.14		
	293.25		-15.21		-10.81		
	293.30		-15.86		-10.97		
	293.34		-16.15		-11.47		
	293.39		-14.87		-10.64		
	293.44		-15.96		-10.62		
	293.47		-16.15		-10.94		
	293.52		-15.66		-10.95		
	293.56		-15.63		-11.09		
	293.59		-15.07		-10.48		
	293.67		-14.96		-10.59		
	293.72		-14.88		-10.68		
	293.77		-15.42		-10.39		
	293.81		-15.93		-11.00		
	293.89		-15.77		-10.79		
	293.92		-16.12		-10.52		
	294.00		-16.34		-10.38		
	294.03		-15.89		-10.72		
	294.08		-14.79		-10.32		
	294.13		-15.57		-10.43		
	294.16		-15.99		-10.70		
	294.22		-15.20		-10.78		
	294.25		-15.35		-9.97		
	294.33		-15.70		-10.28		
	294.36		-14.77		-10.53		
	294.41		-15.35		-10.59		
	294.45		-15.54		-10.31		
	294.50		-15.17		-10.35		
	294.55		-14.63		-10.75		
	294.58		-15.54		-10.43		
	294.64		-15.81		-10.58		
	294.67		-14.30		-10.02		
	294.73		-15.49		-10.60		
	294.77		-14.01		-10.24		
	294.83		-15.85		-10.70		
	294.89		-14.67		-10.62		
	294.92		-15.42		-10.50		
	295.00		-15.71		-10.81		
	295.03		-15.98		-10.89		
	295.08		-15.46		-10.09		
	295.13		-15.44		-10.74		
	295.17		-15.31		-11.19		
	295.22		-15.28		-10.57		
	295.27		-15.18		-10.81		
	295.33		-15.53		-10.46		
	295.36		-15.72		-10.18		
	295.42		-15.42		-10.28		
	295.47		-15.16		-10.61		
	295.52		-15.10		-10.48		
	295.56		-16.66		-11.33		
	295.61		-15.62		-10.52		
	295.67		-15.78		-10.46		
	295.70		-16.62		-10.44		
	295.77		-15.73		-11.33		
	295.80		-14.60		-10.45		
	295.84		-15.40		-10.60		
	295.89		-15.58		-10.29		
	295.94		-15.26		-10.72		
	295.97		-15.63		-11.18		
	296.02		-15.93		-11.08		
	296.06		-16.04		-11.16		
	296.09		-16.44		-10.65		
	296.16		-16.24		-10.63		
	296.19		-14.20		-9.74		
	296.25		-16.26		-10.75		
	296.31		-15.51		-10.80		
	296.34		-15.28		-10.09		
	296.41		-15.58		-10.89		
	296.44		-14.82		-10.94		
	296.50		-15.65		-10.42		
	296.55		-15.71		-10.81		
	296.59		-15.73		-10.59		
	296.64		-15.38		-10.45		
	296.69		-14.85		-10.56		
	296.73		-15.75		-10.56		
	296.80		-15.74		-10.86		
	296.83		-14.93		-10.36		
	296.86		-15.49		-10.87		
	296.92		-15.50		-10.67		
	296.98		-14.90		-10.02		
	297.03		-16.11		-11.12		
	297.09		-16.01		-11.10		
	297.16		-15.04		-10.50		
	297.19		-15.65		-10.46		
	297.25		-16.47		-11.01		
	297.30		-15.30		-10.83		
	297.34		-15.40		-10.46		
	297.42		-15.42		-10.58		
	297.45		-16.24		-10.71		
	297.52		-15.55		-10.35		
	297.56		-15.25		-10.49		
	297.61		-15.90		-10.52		
	297.67		-16.03		-10.79		
	297.70		-15.76		-10.94		
	297.77		-14.48		-10.51		
	297.81		-14.45		-10.94		
	297.86		-16.15		-10.49		
	297.91		-16.15		-10.72		
	297.97		-15.65		-10.27		
	298.00		-15.60		-10.22		
	298.06		-15.51		-10.53		
	298.09		-15.49		-10.60		
	298.16		-15.32		-10.81		
	298.20		-15.84		-10.96		
	298.25		-16.18		-11.18		
	298.33		-15.58		-10.47		
	298.36		-15.08		-10.51		
	298.42		-15.70		-10.81		
	298.45		-15.84		-10.86		
	298.52		-15.07		-10.51		
	298.55		-14.55		-10.47		
	298.59		-15.35		-10.41		
	298.64		-15.62		-10.52		
	298.69		-14.57		-10.11		
	298.73		-16.25		-10.94		
	298.77		-16.29		-11.64		
	298.81		-14.61		-10.87		
	298.86		-15.34		-10.94		
	298.92		-15.52		-10.42		
	298.97		-15.95		-10.78		
	299.03		-15.86		-10.86		
	299.09		-15.93		-10.46		
	299.13		-15.19		-10.81		
	299.19		-15.31		-10.17		
	299.22		-15.00		-10.45		
	299.27		-15.85		-10.62		
	299.31		-15.65		-10.95		
	299.38		-15.77		-11.03		
	299.42		-15.80		-11.11		
	299.45		-15.73		-10.79		
	299.52		-15.29		-9.95		
	299.55		-14.55		-10.36		
	299.59		-16.26		-10.90		
	299.64		-15.96		-10.66		
	299.70		-15.49		-10.56		
	299.73		-17.03		-10.78		
	299.78		-14.11		-10.77		
	299.83		-15.62		-10.37		
	299.89		-15.45		-10.51		
	299.92		-15.30		-10.85		
	300.00		-14.91		-10.50		
	300.03		-14.38		-10.27		
	300.08		-15.94		-11.19		
	300.13		-14.93		-10.66		
	300.16		-15.83		-10.51		
	300.23		-16.61		-10.89		
	300.27		-15.13		-10.05		
	300.33		-15.78		-10.92		
	300.36		-16.13		-10.63		
	300.42		-14.90		-10.53		
	300.45		-15.37		-9.91		
	300.52		-15.76		-10.64		
	300.55		-15.15		-10.49		
	300.59		-15.25		-10.64		
	300.64		-15.28		-10.57		
	300.69		-15.78		-11.02		
	300.73		-16.40		-10.56		
	300.77		-15.28		-10.57		
	300.83		-16.52		-11.06		
	300.86		-17.25		-10.58		
	300.92		-16.06		-11.09		
	300.95		-15.53		-10.68		
	301.02		-16.08		-10.96		
	301.05		-15.32		-11.03		
	301.09		-15.51		-10.79		
	301.14		-16.13		-10.71		
	301.19		-15.85		-10.51		
	301.23		-15.88		-10.33		
	301.27		-15.35		-10.82		
	301.31		-15.64		-10.49		
	301.34		-16.21		-10.77		
	301.38		-15.86		-10.86		
	301.44		-16.77		-11.22		
	301.48		-15.85		-11.17		
	301.53		-15.77		-10.57		
	301.56		-15.68		-10.65		
	301.63		-15.14		-10.64		
	301.66		-15.64		-10.64		
	301.72		-16.01		-10.87		
	301.75		-16.83		-11.15		
	301.81		-16.08		-11.08		
	301.84		-15.24		-10.11		
	301.89		-16.08		-10.13		
	301.94		-16.00		-10.45		
	301.97		-16.96		-10.11		
	302.03		-16.26		-10.48		
	302.06		-16.32		-10.53		
	302.13		-15.29		-10.65		
	302.16		-16.07		-11.08		
	302.22		-15.41		-10.72		
	302.25		-15.49		-10.52		
	302.31		-16.00		-10.33		
	302.34		-15.44		-10.66		
	302.39		-15.29		-10.42		
	302.44		-15.03		-10.65		
	302.48		-14.91		-10.43		
	302.53		-15.73		-10.70		
	302.58		-15.42		-10.13		
	302.63		-16.35		-10.73		
	302.66		-16.13		-10.71		
	302.73		-15.71		-10.66		
	302.77		-16.06		-10.27		
	302.81		-15.69		-10.66		
	302.88		-15.47		-10.74		
	302.91		-15.56		-10.36		
	302.97		-15.27		-10.38		
	303.00		-16.34		-10.51		
	303.06		-15.67		-10.17		
	303.09		-15.29		-10.39		
	303.16		-15.86		-10.48		
	303.20		-15.50		-10.71		
	303.25		-15.57		-10.47		
	303.28		-15.19		-10.43		
	303.34		-16.27		-10.56		
	303.38		-14.53		-10.24		
	303.45		-15.13		-10.13		
	303.48		-16.31		-10.73		
	303.52		-15.18		-10.28		
	303.58		-15.51		-11.10		
	303.64		-15.53		-10.57		
	303.67		-15.52		-10.80		
	303.72		-15.26		-11.10		
	303.77		-15.05		-10.36		
	303.81		-15.57		-10.96		
	303.88		-15.74		-10.40		
	303.94		-15.88		-10.71		
	304.00		-15.49		-10.75		
	304.06		-15.28		-10.27		
	304.11		-15.12		-10.75		
	304.16		-15.59		-10.29		
	304.20		-14.74		-10.30		
	304.25		-16.53		-10.59		
	304.31		-15.13		-10.56		
	304.34		-14.33		-10.37		
	304.39		-15.25		-10.16		
	304.44		-17.09		-11.32		
	304.50		-16.91		-10.94		
	304.56		-15.11		-10.40		
	304.61		-15.31		-11.09		
	304.66		-15.91		-10.88		
	304.70		-16.40		-10.67		
	304.75		-15.54		-10.73		
	304.80		-15.94		-10.88		
	304.84		-16.21		-10.46		
	304.89		-15.95		-10.28		
	304.94		-16.09		-10.36		
	304.98		-15.92		-10.39		
	305.03		-15.85		-10.92		
	305.08		-16.18		-10.80		
	305.11		-15.74		-10.59		
	305.17		-15.67		-10.57		
	305.22		-15.36		-10.37		
	305.28		-15.03		-10.80		
	305.31		-14.89		-10.46		
	305.38		-15.93		-10.69		
	305.42		-15.71		-10.59		
	305.47		-15.85		-10.63		
	305.52		-15.65		-10.64		
	305.56		-14.38		-10.63		
	305.61		-15.06		-10.70		
	305.64		-15.31		-10.55		
	305.70		-15.06		-10.43		
	305.75		-15.65		-10.57		
	305.80		-15.32		-10.28		
	305.86		-14.01		-10.12		
	305.89		-15.71		-10.25		
	305.97		-15.91		-10.57		
	306.00		-14.33		-9.22		
	306.05		-14.96		-10.55		
	306.09		-16.42		-11.26		
	306.14		-16.21		-10.81		
	306.19		-15.95		-10.25		
	306.23		-15.21		-10.44		
	306.28		-15.60		-10.81		
	306.33		-15.71		-10.74		
	306.39		-16.78		-11.02		
	306.42		-16.80		-11.07		
	306.48		-16.62		-10.70		
	306.53		-15.29		-10.57		
	306.61		-16.02		-10.87		
	306.64		-15.48		-11.02		
	306.69		-14.00		-10.51		
	306.73		-15.94		-10.27		
	306.77		-14.93		-10.06		
	306.83		-15.50		-10.95		
	306.84		-15.80		-10.92		
	306.89		-15.16		-10.57		
	306.94		-15.45		-10.44		
	306.97		-15.97		-10.86		
	307.02		-15.87		-10.07		
	307.09		-16.18		-10.72		
	307.14		-15.38		-10.30		
	307.19		-15.60		-10.89		
	307.25		-14.69		-10.36		
	307.28		-16.03		-10.57		
	307.34		-15.01		-10.80		
	307.38		-15.31		-10.81		
	307.44		-15.63		-10.71		
	307.47		-15.11		-10.80		
	307.53		-15.72		-10.63		
	307.56		-14.69		-10.51		
	307.59		-15.63		-10.08		
	307.64		-16.63		-11.16		
	307.69		-15.13		-10.23		
	307.73		-16.35		-10.85		
	307.77		-15.11		-10.60		
	307.81		-15.95		-10.85		
	307.86		-15.43		-10.73		
	307.92		-15.28		-10.65		
	307.95		-15.72		-10.74		
	308.02		-14.74		-9.87		
	308.05		-15.35		-10.82		
	308.09		-15.08		-10.62		
	308.14		-14.91		-9.99		
	308.19		-15.57		-10.89		
	308.25		-15.66		-10.87		
	308.30		-16.63		-10.62		
	308.34		-16.80		-11.15		
	308.41		-16.77		-11.33		
	308.44		-15.02		-10.57		
	308.48		-15.20		-11.03		
	308.53		-16.30		-10.68		
	308.59		-14.73		-10.45		
	308.64		-14.89		-10.20		
	308.69		-15.28		-10.57		
	308.75		-15.35		-10.89		
	308.80		-15.07		-10.81		
	308.84		-14.78		-10.54		
	308.89		-15.44		-10.96		
	308.94		-16.27		-11.33		
	308.98		-14.86		-10.45		
	309.02		-14.89		-10.56		
	309.06		-16.36		-10.59		
	309.09		-15.35		-10.37		
	309.16		-15.06		-10.69		
	309.19		-14.93		-10.36		
	309.27		-15.52		-10.95		
	309.31		-15.35		-11.12		
	309.36		-15.22		-10.59		
	309.41		-14.29		-10.54		
	309.45		-14.72		-10.30		
	309.50		-15.51		-10.60		
	309.56		-15.52		-10.57		
	309.63		-15.35		-10.82		
	309.66		-15.39		-10.41		
	309.72		-15.67		-11.10		
	309.77		-14.87		-10.80		
	309.81		-15.80		-10.92		
	309.84		-15.67		-10.65		
	309.91		-15.95		-10.66		
	309.94		-14.68		-10.25		
	309.97		-16.42		-11.18		
	310.03		-16.08		-10.88		
	310.06		-15.08		-10.59		
	310.11		-15.88		-10.82		
	310.14		-15.17		-10.76		
	310.20		-15.25		-10.83		
	310.25		-15.88		-10.67		
	310.30		-15.12		-10.12		
	310.34		-16.70		-10.84		
	310.38		-15.24		-10.74		
	310.44		-15.07		-9.88		
	310.47		-14.48		-10.94		
	310.52		-15.62		-10.44		
	310.55		-16.09		-11.24		
	310.59		-16.16		-10.87		
	310.64		-15.69		-10.81		
	310.69		-15.18		-10.51		
	310.73		-15.23		-10.07		
	310.78		-15.21		-10.44		
	310.83		-14.77		-10.53		
	310.86		-15.55		-10.88		
	310.91		-15.03		-10.39		
	310.95		-16.69		-10.80		
	311.03		-16.00		-10.40		
	311.06		-15.01		-10.23		
	311.11		-15.93		-10.35		
	311.16		-15.02		-10.24		
	311.19		-14.97		-10.81		
	311.25		-15.66		-10.61		
	311.28		-15.61		-10.26		
	311.34		-15.45		-10.43		
	311.38		-15.29		-10.54		
	311.44		-15.26		-10.80		
	311.47		-14.69		-10.40		
	311.52		-15.47		-10.33		
	311.56		-14.69		-10.47		
	311.61		-14.53		-10.39		
	311.69		-15.26		-10.60		
	311.72		-15.81		-11.03		
	311.78		-15.25		-11.18		
	311.81		-16.35		-10.70		
	311.86		-14.94		-10.36		
	311.89		-15.29		-10.65		
	311.94		-15.54		-10.50		
	311.98		-14.74		-10.26		
	312.03		-15.87		-10.63		
	312.09		-15.40		-10.65		
	312.13		-15.28		-10.72		
	312.17		-14.83		-10.48		
	312.20		-15.93		-11.03		
	312.27		-15.73		-10.63		
	312.30		-15.84		-10.78		
	312.36		-15.79		-10.24		
	312.39		-15.80		-11.00		
	312.44		-15.95		-10.54		
	312.48		-16.42		-11.23		
	312.53		-15.50		-10.82		
	312.58		-15.44		-11.32		
	312.63		-15.39		-10.49		
	312.70		-15.84		-11.25		
	312.73		-16.17		-10.57		
	312.80		-15.84		-10.86		
	312.83		-14.86		-10.30		
	312.86		-14.90		-10.42		
	312.92		-15.07		-10.51		
	312.97		-15.18		-9.78		
	313.02		-15.54		-10.50		
	313.06		-15.43		-10.85		
	313.11		-15.51		-10.72		
	313.14		-15.46		-10.51		
	313.19		-15.20		-9.84		
	313.22		-14.99		-10.80		
	313.28		-16.58		-10.27		
	313.31		-16.15		-11.33		
	313.36		-17.42		-10.62		
	313.41		-15.65		-10.49		
	313.45		-15.79		-10.95		
	313.50		-16.20		-11.55		
	313.53		-16.35		-10.77		
	313.59		-16.12		-11.15		
	313.63		-14.97		-10.52		
	313.67		-15.07		-10.69		
	313.72		-15.56		-10.58		
	313.78		-15.85		-10.21		
	313.81		-15.14		-10.57		
	313.88		-15.80		-10.69		
	313.91		-15.33		-10.44		
	313.97		-16.12		-11.32		
	314.02		-15.31		-10.66		
	314.06		-15.31		-10.75		
	314.13		-15.35		-10.71		
	314.16		-15.48		-10.48		
	314.22		-15.91		-10.80		
	314.25		-16.35		-10.70		
	314.30		-15.85		-10.37		
	314.33		-16.10		-10.89		
	314.39		-14.76		-10.31		
	314.42		-15.05		-10.39		
	314.50		-15.51		-10.30		
	314.53		-15.84		-10.51		
	314.59		-14.74		-10.38		
	314.66		-15.58		-10.47		
	314.69		-15.97		-11.12		
	314.75		-16.48		-11.00		
	314.80		-16.36		-10.98		
	314.84		-15.01		-10.23		
	314.88		-16.10		-10.47		
	314.94		-15.31		-10.73		
	314.97		-14.37		-10.30		
	315.61		-15.24		-10.11		
	315.66		-14.71		-10.59		
	315.77		-15.74		-10.59		
	315.88		-16.55		-10.95		
	315.94		-15.04		-10.35		
	315.97		-15.91		-11.23		
	316.03		-14.37		-10.33		
	316.08		-15.85		-10.78		
	316.13		-14.91		-10.12		
	316.17		-14.81		-9.76		
	316.23		-15.46		-10.51		
	316.28		-14.73		-10.48		
	316.34		-15.72		-11.16		
	316.42		-14.91		-10.96		
	316.47		-16.32		-10.38		
	316.52		-14.89		-10.64		
	316.55		-15.20		-10.11		
	316.61		-15.75		-10.94		
	316.64		-15.00		-10.30		
	316.69		-15.01		-11.02		
	316.73		-15.97		-10.47		
	316.77		-15.88		-10.87		
	316.83		-15.63		-10.60		
	316.86		-16.29		-11.18		
	316.91		-15.32		-10.43		
	316.95		-14.96		-10.56		
	317.00		-16.04		-10.64		
	317.03		-15.59		-10.66		
	317.06		-15.50		-11.12		
	317.13		-16.38		-10.67		
	317.16		-15.50		-10.68		
	317.20		-15.71		-10.51		
	317.25		-15.78		-10.69		
	317.27		-16.00		-10.87		
	317.33		-16.26		-10.63		
	317.36		-14.15		-10.61		
	317.44		-14.61		-9.97		
	317.50		-15.95		-10.13		
	317.55		-15.09		-10.18		
	317.61		-14.50		-10.80		
	317.64		-15.21		-10.29		
	317.67		-15.76		-10.72		
	317.73		-15.69		-10.10		
	317.77		-16.08		-10.88		
	317.83		-16.05		-10.20		
	317.86		-15.39		-10.68		
	317.92		-15.31		-10.58		
	317.95		-15.56		-11.16		
	318.02		-14.80		-10.39		
	318.05		-15.16		-10.24		
	318.09		-17.11		-10.60		
	318.14		-16.08		-10.20		
	318.19		-15.77		-10.75		
	318.23		-15.74		-10.79		
	318.27		-15.18		-10.40		
	318.34		-14.34		-9.93		
	318.38		-14.76		-10.63		
	318.42		-15.30		-10.11		
	318.47		-13.36		-9.08		
	318.50		-13.51		-9.35		
	318.55		-16.94		-11.07		
	318.58		-15.55		-11.03		
	318.63		-5.71		-4.11		
	318.67		-1.42		-2.64		
	318.70		0.84		-2.30		
	318.77		1.61		-0.04		
	318.81		2.56		0.28		
	318.86		5.61		2.07		
	318.92		6.41		2.65		
	318.95		6.59		3.20		
	319.02		7.30		3.90		
	319.06		7.58		4.01		
	319.11		8.66		4.08		
	319.14		8.80		4.31		
	319.20		8.57		4.17		
	319.23		9.05		3.91		
	319.30		9.38		3.84		
	319.33		9.16		3.56		
	319.39		9.28		3.79		
	319.44		9.09		3.74		
	319.48		8.86		3.05		
	319.55		9.79		1.58		
	319.58		8.43		1.35		
	319.64		8.62		-0.69		
	319.69		8.09		-2.36		
	321.20		-15.07		-10.63		
	321.27		-14.85		-10.94		
	321.28		-16.00		-10.94		
	321.34		-15.12		-10.33		
	321.45		-15.79		-10.57		
	321.50		-14.77		-10.75		
	321.55		-17.20		-11.22		
	321.59		-16.16		-10.87		
	321.63		-17.58		-11.41		
	321.67		-16.27		-11.02		
	321.72		-15.62		-10.55		
	321.78		-16.36		-11.16		
	321.81		-15.88		-11.17		
	321.89		-15.75		-10.86		
	321.92		-15.35		-10.41		
	321.98		-15.72		-11.25		
	322.02		-15.88		-10.67		
	322.08		-14.74		-10.55		
	322.11		-16.11		-10.93		
	322.17		-16.04		-11.31		
	322.22		-15.99		-11.02		
	322.27		-15.56		-10.17		
	322.33		-14.92		-10.76		
	322.38		-15.54		-11.16		
	322.42		-15.92		-10.65		
	322.48		-16.09		-11.17		
	322.53		-15.00		-10.34		
	322.58		-14.69		-10.47		
	322.64		-16.41		-10.79		
	322.67		-15.47		-11.18		
	322.72		-15.94		-10.85		
	322.75		-15.79		-10.34		
	322.80		-14.70		-10.29		
	322.84		-15.90		-10.94		
	322.89		-15.60		-10.44		
	322.94		-15.57		-11.16		
	322.98		-15.06		-11.32		
	323.05		-15.63		-10.67		
	323.11		-15.06		-10.89		
	323.16		-14.80		-10.66		
	323.20		-15.17		-10.62		
	323.25		-15.99		-11.25		
	323.30		-15.69		-10.62		
	323.38		-15.94		-10.73		
	323.44		-16.05		-10.61		
	323.47		-15.67		-11.00		
	323.52		-15.24		-11.09		
	323.56		-15.46		-10.74		
	323.61		-15.02		-10.31		
	323.66		-15.28		-10.65		
	323.69		-15.72		-11.04		
	323.75		-15.52		-10.87		
	323.78		-16.31		-10.57		
	323.84		-15.33		-10.66		
	323.89		-15.83		-10.50		
	323.94		-14.70		-10.58		
	323.98		-14.90		-10.90		
	324.05		-15.08		-10.89		
	324.09		-16.83		-11.55		
	324.14		-15.53		-10.49		
	324.20		-15.46		-10.86		
	324.23		-16.45		-11.03		
	324.28		-15.49		-10.59		
	324.33		-15.48		-9.85		
	324.38		-15.55		-10.58		
	324.42		-15.00		-10.87		
	324.45		-15.91		-10.38		
	324.52		-14.82		-11.16		
	324.58		-16.69		-10.80		
	324.63		-14.85		-10.37		
	324.66		-15.71		-10.86		
	324.72		-16.24		-10.74		
	324.75		-16.01		-10.86		
	324.81		-16.07		-10.05		
	324.84		-15.76		-10.94		
	324.91		-15.58		-11.16		
	324.94		-15.76		-10.86		
	325.00		-16.15		-10.94		
	325.03		-14.63		-10.48		
	325.08		-16.13		-10.86		
	325.13		-15.45		-10.50		
	325.17		-15.43		-10.73		
	325.22		-16.23		-11.01		
	325.27		-14.08		-10.07		
	325.31		-15.40		-10.77		
	325.34		-14.91		-9.99		
	325.39		-15.76		-10.71		
	325.42		-15.57		-10.93		
	325.47		-15.19		-10.77		
	325.52		-15.39		-11.18		
	325.56		-15.60		-10.86		
	325.61		-15.19		-10.62		
	325.66		-15.91		-11.08		
	325.70		-14.90		-9.91		
	325.75		-15.63		-10.82		
	325.80		-15.84		-11.16		
	325.84		-16.05		-10.76		
	325.89		-15.99		-11.30		
	325.92		-16.24		-11.09		
	325.98		-15.83		-10.51		
	326.02		-15.11		-10.56		
	326.08		-15.63		-10.79		
	326.13		-15.81		-10.57		
	326.17		-14.80		-10.42		
	326.22		-16.08		-10.85		
	326.27		-15.61		-10.44		
	326.31		-16.29		-10.79		
	326.34		-16.10		-11.24		
	326.41		-15.37		-10.64		
	326.44		-15.35		-10.59		
	326.50		-15.84		-10.85		
	326.53		-16.06		-10.61		
	326.58		-15.73		-10.44		
	326.63		-15.41		-11.17		
	326.66		-14.62		-10.57		
	326.72		-14.99		-11.02		
	326.75		-15.58		-10.85		
	326.78		-16.45		-10.50		
	326.83		-15.46		-10.40		
	326.86		-15.52		-10.30		
	326.94		-16.51		-10.63		
	326.97		-16.72		-11.08		
	327.03		-15.76		-10.94		
	327.06		-16.01		-11.02		
	327.13		-15.91		-10.80		
	327.16		-15.57		-10.65		
	327.22		-17.07		-11.30		
	327.25		-15.06		-10.66		
	327.30		-15.60		-10.89		
	327.33		-15.37		-10.41		
	327.38		-15.04		-10.73		
	327.42		-15.61		-10.94		
	327.47		-16.47		-10.69		
	327.52		-15.43		-10.50		
	327.56		-15.01		-10.67		
	327.61		-16.18		-11.26		
	327.67		-15.52		-10.80		
	327.70		-15.44		-10.73		
	327.77		-15.01		-10.57		
	327.81		-16.17		-10.80		
	327.84		-16.08		-10.77		
	327.92		-16.10		-10.58		
	327.94		-15.01		-11.10		
	327.98		-16.11		-10.70		
	328.02		-15.38		-10.49		
	328.08		-16.06		-10.88		
	328.11		-15.40		-10.72		
	328.17		-14.76		-10.95		
	328.20		-15.68		-10.81		
	328.27		-15.47		-10.96		
	328.30		-15.10		-10.89		
	328.36		-15.30		-10.96		
	328.39		-15.24		-10.89		
	328.44		-15.80		-10.69		
	328.48		-15.58		-10.47		
	328.52		-14.86		-10.26		
	328.58		-15.62		-10.33		
	328.61		-15.60		-10.86		
	328.67		-15.57		-10.88		
	328.70		-14.55		-10.20		
	328.75		-15.90		-10.82		
	328.80		-16.24		-11.40		
	328.83		-15.42		-10.38		
	328.89		-15.17		-10.31		
	328.92		-15.16		-10.61		
	328.98		-15.72		-10.88		
	329.02		-15.23		-10.71		
	329.08		-15.56		-10.46		
	329.11		-15.35		-10.67		
	329.16		-15.84		-10.59		
	329.20		-14.83		-10.93		
	329.25		-15.23		-10.74		
	329.31		-15.39		-10.57		
	329.34		-15.40		-10.19		
	329.41		-15.44		-10.50		
	329.44		-15.06		-10.39		
	329.48		-16.46		-10.73		
	329.53		-16.14		-10.75		
	329.58		-16.58		-10.80		
	329.63		-15.97		-10.93		
	329.67		-15.64		-10.79		
	329.72		-15.75		-11.25		
	329.77		-15.90		-10.94		
	329.83		-15.53		-10.46		
	329.86		-15.45		-10.81		
	329.89		-15.11		-10.60		
	329.95		-15.70		-11.03		
	330.00		-15.53		-11.10		
	330.05		-15.32		-11.09		
	330.09		-15.99		-10.59		
	330.14		-16.70		-11.07		
	330.17		-15.23		-10.86		
	330.23		-16.12		-10.24		
	330.28		-15.89		-10.64		
	330.34		-15.67		-10.65		
	330.38		-15.88		-11.01		
	330.44		-15.74		-10.44		
	330.47		-15.34		-10.86		
	330.53		-16.52		-11.17		
	330.56		-14.67		-9.78		
	330.63		-15.07		-11.19		
	330.67		-15.97		-11.04		
	330.72		-15.84		-11.16		
	330.80		-15.96		-11.06		
	330.83		-15.43		-10.39		
	330.88		-15.07		-10.36		
	330.92		-16.14		-10.94		
	330.97		-15.89		-10.53		
	331.02		-16.46		-11.18		
	331.06		-15.50		-10.97		
	331.11		-14.90		-10.09		
	331.14		-16.86		-11.00		
	331.20		-15.07		-11.32		
	331.23		-16.85		-10.42		
	331.30		-14.39		-10.08		
	331.33		-15.47		-10.21		
	331.39		-15.83		-10.93		
	331.42		-15.62		-10.67		
	331.47		-15.67		-10.80		
	331.52		-15.83		-11.11		
	331.56		-15.63		-10.71		
	331.59		-16.13		-10.55		
	331.66		-14.73		-10.37		
	331.69		-15.55		-10.50		
	331.75		-16.53		-10.87		
	331.78		-15.33		-10.47		
	331.81		-14.96		-10.29		
	331.88		-15.64		-11.12		
	331.92		-15.50		-10.82		
	331.97		-16.63		-11.09		
	332.00		-16.10		-11.32		
	332.06		-15.60		-10.59		
	332.09		-15.53		-10.92		
	332.16		-16.11		-10.74		
	332.20		-15.25		-10.57		
	332.25		-14.93		-10.61		
	332.28		-16.16		-11.02		
	332.39		-14.90		-10.20		
	332.47		-15.45		-10.78		
	332.50		-15.84		-10.39		
	332.55		-15.98		-10.86		
	332.59		-15.53		-10.64		
	332.64		-15.69		-10.20		
	332.69		-16.32		-10.72		
	332.73		-15.80		-10.80		
	332.78		-15.91		-10.87		
	332.80		-15.44		-11.16		
	332.86		-16.00		-10.59		
	332.92		-16.18		-10.24		
	332.97		-16.04		-10.80		
	333.03		-15.79		-10.80		
	333.11		-15.97		-10.66		
	333.14		-16.55		-10.87		
	333.17		-15.49		-10.52		
	333.23		-15.61		-10.71		
	333.28		-16.21		-10.43		
	333.33		-15.25		-10.95		
	333.36		-15.56		-10.62		
	333.44		-15.27		-10.01		
	333.47		-15.86		-10.36		
	333.50		-15.32		-10.58		
	333.53		-15.33		-10.40		
	333.56		-15.28		-10.49		
	333.63		-15.43		-10.73		
	333.66		-15.98		-11.40		
	333.72		-15.49		-10.48		
	333.78		-15.23		-10.22		
	333.83		-15.53		-10.01		
	333.86		-15.50		-11.10		
	333.91		-16.21		-11.24		
	333.97		-15.47		-10.86		
	334.03		-15.13		-10.26		
	334.08		-15.39		-10.82		
	334.11		-16.02		-11.02		
	334.19		-15.54		-10.88		
	334.25		-16.18		-10.34		
	334.30		-14.95		-11.09		
	334.38		-15.02		-10.50		
	334.41		-14.75		-10.64		
	334.50		-15.38		-10.60		
	334.53		-15.40		-10.60		
	334.58		-14.85		-10.44		
	334.61		-14.79		-10.53		
	334.67		-15.02		-10.65		
	334.75		-15.40		-10.87		
	334.80		-14.13		-10.38		
	334.86		-15.97		-10.85		
	334.94		-15.24		-10.23		
	334.98		-15.10		-10.81		
	335.03		-15.99		-10.37		
	335.09		-15.73		-10.70		
	335.13		-16.19		-10.88		
	335.17		-14.76		-10.75		
	335.22		-16.16		-11.23		
	335.31		-15.44		-10.51		
	335.34		-15.14		-10.19		
	335.41		-15.59		-10.59		
	335.47		-15.36		-10.94		
	335.50		-16.06		-10.84		
	335.55		-14.64		-10.53		
	335.58		-16.51		-10.86		
	335.63		-15.43		-10.39		
	335.67		-15.57		-11.16		
	335.72		-15.42		-10.05		
	335.78		-15.96		-10.66		
	335.81		-15.87		-10.59		
	335.88		-16.56		-10.79		
	335.91		-14.86		-10.74		
	335.97		-15.49		-10.71		
	336.00		-15.22		-10.48		
	336.05		-16.71		-10.88		
	336.09		-15.22		-10.66		
	336.16		-15.86		-10.51		
	336.22		-14.98		-10.66		
	336.25		-14.41		-10.32		
	336.30		-16.02		-11.40		
	336.33		-14.62		-9.90		
	336.38		-15.75		-10.79		
	336.44		-15.25		-10.79		
	336.47		-16.18		-11.55		
	336.53		-15.74		-11.17		
	336.56		-15.74		-10.94		
	336.61		-15.84		-10.54		
	336.67		-14.84		-10.40		
	336.70		-15.21		-10.78		
	336.77		-16.02		-10.53		
	336.80		-15.11		-10.19		
	336.86		-15.72		-10.81		
	336.89		-15.71		-10.62		
	336.95		-15.90		-10.38		
	337.00		-14.94		-10.32		
	337.05		-16.38		-11.37		
	337.11		-14.89		-10.12		
	337.14		-16.05		-10.53		
	337.20		-15.17		-10.57		
	337.25		-16.19		-10.35		
	337.30		-16.46		-10.88		
	337.34		-15.25		-11.10		
	337.39		-16.03		-10.38		
	337.42		-15.29		-10.80		
	337.48		-15.72		-10.89		
	337.53		-16.08		-11.08		
	337.59		-15.91		-10.68		
	337.64		-16.37		-10.07		
	337.69		-15.73		-10.59		
	337.73		-15.10		-10.33		
	337.78		-15.12		-10.82		
	337.83		-15.49		-10.56		
	337.88		-14.95		-10.21		
	337.92		-15.88		-10.71		
	337.97		-15.59		-11.03		
	338.02		-15.86		-10.89		
	338.06		-15.40		-11.10		
	338.13		-15.94		-11.08		
	338.16		-15.11		-10.67		
	338.20		-15.75		-11.39		
	338.25		-16.31		-10.68		
	338.30		-16.30		-10.52		
	338.34		-16.42		-10.36		
	338.38		-16.07		-10.50		
	338.44		-15.31		-10.35		
	338.48		-14.45		-9.64		
	338.53		-15.60		-10.66		
	338.61		-16.34		-10.20		
	338.66		-15.52		-10.87		
	338.70		-15.95		-10.69		
	338.75		-14.83		-10.29		
	338.81		-15.25		-10.52		
	338.86		-15.27		-10.72		
	338.92		-16.29		-10.79		
	338.98		-15.47		-10.59		
	339.03		-15.24		-10.37		
	339.08		-14.75		-10.34		
	339.14		-15.45		-10.62		
	339.17		-15.64		-10.90		
	339.23		-16.04		-10.87		
	339.27		-15.60		-10.22		
	339.33		-15.60		-10.78		
	339.39		-15.46		-10.94		
	339.45		-15.11		-10.53		
	339.48		-16.91		-10.78		
	339.55		-15.62		-10.71		
	339.59		-15.31		-10.76		
	339.63		-15.21		-10.51		
	339.69		-16.22		-10.89		
	339.72		-15.18		-10.43		
	339.78		-15.38		-9.86		
	339.81		-15.85		-10.36		
	339.88		-15.18		-10.88		
	339.92		-14.84		-10.66		
	339.97		-16.53		-11.17		
	340.02		-16.51		-10.82		
	340.03		-15.37		-11.02		
	340.08		-17.36		-10.99		
	340.13		-15.41		-10.24		
	340.17		-16.10		-10.85		
	340.22		-15.61		-10.71		
	340.27		-16.50		-10.47		
	340.31		-15.91		-10.24		
	340.38		-14.88		-10.19		
	340.41		-16.26		-10.44		
	340.47		-14.67		-10.28		
	340.50		-15.33		-10.36		
	340.56		-15.21		-10.78		
	340.59		-15.57		-9.98		
	340.66		-16.19		-10.65		
	340.69		-14.92		-10.58		
	340.73		-15.91		-10.41		
	340.77		-15.39		-10.82		
	340.83		-15.47		-10.55		
	340.88		-15.90		-10.26		
	340.92		-15.25		-10.45		
	340.97		-15.60		-11.40		
	341.02		-15.20		-10.93		
	341.05		-15.75		-10.94		
	341.09		-15.36		-10.59		
	341.17		-15.89		-10.72		
	341.20		-16.29		-10.87		
	341.27		-16.02		-10.64		
	341.33		-14.94		-10.39		
	341.39		-16.14		-10.71		
	341.42		-14.97		-10.26		
	341.48		-15.32		-10.81		
	341.52		-15.05		-9.80		
	341.58		-15.21		-10.89		
	341.64		-15.08		-11.25		
	341.67		-14.80		-10.80		
	341.72		-15.32		-10.47		
	341.77		-16.60		-11.32		
	341.81		-15.28		-10.69		
	341.86		-15.69		-11.19		
	341.91		-15.88		-10.91		
	341.95		-15.84		-10.55		
	342.02		-16.69		-10.41		
	342.06		-15.07		-9.96		
	342.13		-15.80		-10.17		
	342.16		-15.88		-11.24		
	342.20		-15.05		-10.70		
	342.25		-15.21		-10.63		
	342.28		-16.17		-10.79		
	342.34		-14.36		-10.52		
	342.38		-15.65		-10.45		
	342.44		-15.35		-9.70		
	342.47		-15.36		-10.30		
	342.53		-15.08		-10.55		
	342.58		-14.76		-10.20		
	342.61		-15.23		-10.97		
	342.67		-15.47		-10.29		
	342.70		-14.93		-11.40		
	342.77		-15.01		-10.45		
	342.80		-15.68		-10.43		
	342.86		-14.91		-10.20		
	342.89		-16.06		-11.00		
	342.94		-15.09		-10.51		
	342.98		-15.53		-11.08		
	343.03		-15.28		-10.80		
	343.08		-14.77		-10.50		
	343.13		-15.90		-10.72		
	343.16		-15.66		-11.02		
	343.22		-15.18		-10.65		
	343.27		-15.01		-10.45		
	343.31		-16.29		-10.87		
	343.34		-14.43		-11.11		
	343.41		-16.12		-10.71		
	343.42		-15.71		-10.81		
	343.48		-14.77		-10.42		
	343.53		-15.50		-10.48		
	343.58		-16.33		-10.50		
	343.63		-15.48		-10.52		
	343.69		-15.67		-10.80		
	343.73		-14.78		-10.27		
	343.78		-15.44		-10.73		
	343.83		-15.34		-10.44		
	343.88		-15.04		-10.50		
	343.94		-15.07		-10.88		
	343.97		-15.10		-10.59		
	344.02		-15.43		-10.95		
	344.09		-15.31		-10.25		
	344.14		-15.50		-10.67		
	344.19		-15.76		-11.48		
	344.23		-15.69		-11.16		
	344.28		-15.97		-11.01		
	344.33		-15.52		-10.72		
	344.38		-15.26		-10.42		
	344.44		-15.40		-10.23		
	344.48		-17.09		-11.07		
	344.53		-14.90		-10.61		
	344.59		-15.18		-10.96		
	344.63		-15.43		-10.88		
	344.67		-16.66		-10.86		
	344.72		-15.95		-11.08		
	344.78		-15.85		-10.62		
	344.80		-15.54		-10.60		
	344.86		-14.80		-10.73		
	344.92		-15.08		-10.36		
	344.97		-15.92		-10.87		
	345.02		-16.18		-11.18		
	345.09		-15.07		-10.28		
	345.11		-15.28		-9.87		
	345.16		-15.58		-10.36		
	345.20		-15.70		-10.43		
	345.25		-15.63		-10.71		
	345.28		-16.29		-10.49		
	345.34		-15.12		-10.52		
	345.39		-15.65		-10.64		
	345.44		-15.50		-10.37		
	345.50		-15.72		-10.33		
	345.55		-15.02		-10.60		
	345.63		-15.19		-10.46		
	345.67		-15.78		-10.49		
	345.72		-16.06		-10.42		
	345.78		-15.74		-10.44		
	345.83		-15.92		-10.87		
	345.88		-16.70		-11.15		
	345.92		-16.52		-11.09		
	345.98		-15.61		-10.67		
	346.06		-15.45		-10.43		
	346.11		-15.13		-10.41		
	346.16		-15.98		-10.93		
	346.20		-15.57		-10.93		
	346.23		-16.36		-11.24		
	346.30		-15.38		-10.11		
	346.36		-15.04		-10.68		
	346.39		-14.95		-10.33		
	346.44		-15.78		-10.99		
	346.47		-15.56		-10.39		
	346.53		-15.22		-10.19		
	346.56		-16.06		-11.00		
	346.63		-15.63		-10.82		
	346.67		-15.50		-10.60		
	346.72		-15.15		-10.46		
	346.77		-16.51		-11.05		
	346.81		-15.28		-10.34		
	346.84		-15.63		-10.49		
	346.91		-15.53		-10.34		
	346.94		-15.66		-10.42		
	347.00		-15.42		-10.50		
	347.05		-14.68		-10.65		
	347.09		-15.94		-10.80		
	347.14		-15.69		-10.81		
	347.19		-15.51		-10.87		
	347.23		-15.86		-10.63		
	347.30		-16.04		-10.92		
	347.33		-15.30		-10.73		
	347.39		-14.88		-10.64		
	347.42		-16.63		-11.40		
	347.48		-16.11		-11.14		
	347.52		-15.72		-10.39		
	347.58		-16.08		-10.35		
	347.64		-15.87		-11.01		
	347.67		-16.51		-11.17		
	347.73		-14.90		-10.68		
	347.77		-14.97		-10.81		
	347.83		-16.37		-10.47		
	347.88		-16.74		-11.40		
	347.92		-15.79		-10.49		
	348.02		-16.02		-11.39		
	348.05		-16.41		-10.87		
	348.11		-15.83		-11.26		
	348.17		-16.02		-10.95		
	348.20		-16.05		-10.68		
	348.28		-16.20		-10.88		
	348.31		-16.29		-10.92		
	348.38		-16.41		-11.47		
	348.41		-15.13		-10.38		
	348.47		-16.03		-11.03		
	348.50		-16.44		-10.95		
	348.56		-15.48		-11.24		
	348.59		-15.40		-10.57		
	348.66		-15.63		-10.94		
	348.69		-15.64		-11.19		
	348.75		-15.13		-10.75		
	348.78		-15.97		-10.70		
	348.86		-15.09		-10.18		
	348.88		-16.02		-10.48		
	348.94		-15.41		-10.13		
	348.98		-16.00		-10.44		
	349.03		-15.39		-10.52		
	349.11		-14.67		-10.24		
	349.14		-15.50		-11.12		
	349.20		-15.95		-10.58		
	349.23		-16.25		-10.83		
	349.30		-15.54		-10.38		
	349.33		-16.41		-11.38		
	349.39		-15.26		-10.80		
	349.42		-15.76		-11.05		
	349.48		-15.82		-10.54		
	349.52		-15.17		-10.58		
	349.58		-16.19		-10.19		
	349.61		-15.82		-10.93		
	349.67		-15.36		-10.59		
	349.70		-15.71		-11.30		
	349.75		-16.00		-11.04		
	349.80		-16.07		-10.57		
	349.84		-16.08		-10.62		
	349.89		-15.29		-10.24		
	349.92		-15.66		-10.42		
	349.98		-15.76		-11.15		
	350.02		-15.87		-11.01		
	350.08		-15.11		-10.63		
	350.13		-16.22		-10.93		
	350.17		-14.88		-10.85		
	350.23		-16.20		-10.35		
	350.27		-16.31		-10.64		
	350.33		-16.59		-10.50		
	350.38		-15.85		-10.93		
	350.42		-14.11		-10.26		
	350.48		-15.90		-10.64		
	350.52		-14.97		-10.26		
	350.58		-15.43		-10.35		
	350.63		-15.49		-10.26		
	350.66		-16.32		-11.00		
	350.70		-15.54		-10.95		
	350.75		-16.42		-10.80		
	350.80		-16.22		-10.81		
	350.86		-16.22		-10.54		
	350.92		-16.19		-10.84		
	350.95		-14.58		-10.47		
	351.02		-15.26		-10.49		
	351.05		-15.60		-11.17		
	351.11		-16.04		-10.99		
	351.14		-15.86		-10.81		
	351.20		-15.88		-10.37		
	351.23		-16.03		-10.49		
	351.30		-15.25		-11.25		
	351.33		-15.40		-10.68		
	351.39		-15.15		-10.62		
	351.42		-14.25		-10.52		
	351.48		-15.85		-10.59		
	351.50		-15.72		-10.59		
	351.56		-15.53		-10.80		
	351.59		-15.46		-10.73		
	351.64		-15.98		-10.63		
	351.69		-16.26		-10.94		
	351.73		-15.08		-10.33		
	351.78		-15.91		-10.88		
	351.84		-15.61		-10.93		
	351.88		-15.89		-10.08		
	351.92		-14.97		-10.44		
	351.97		-14.52		-10.80		
	352.03		-14.63		-10.45		
	352.08		-15.60		-10.86		
	352.13		-15.04		-10.24		
	352.17		-15.53		-10.34		
	352.22		-16.26		-10.78		
	352.28		-15.01		-10.95		
	352.31		-16.06		-10.35		
	352.38		-16.07		-11.24		
	352.41		-15.39		-10.87		
	352.47		-16.29		-10.64		
	352.50		-15.06		-10.66		
	352.56		-14.55		-10.21		
	352.59		-16.38		-10.86		
	352.66		-15.36		-10.52		
	352.70		-15.56		-10.43		
	352.75		-15.09		-10.29		
	352.80		-16.08		-10.43		
	352.84		-16.16		-10.56		
	352.91		-15.60		-10.07		
	352.92		-15.83		-10.89		
	352.98		-15.98		-10.62		
	353.02		-15.53		-11.10		
	353.06		-15.64		-10.30		
	353.11		-15.90		-10.95		
	353.17		-15.94		-10.73		
	353.20		-15.76		-10.64		
	353.27		-15.31		-10.54		
	353.31		-16.13		-10.48		
	353.36		-15.76		-10.75		
	353.41		-15.86		-10.55		
	353.45		-15.66		-10.68		
	353.50		-14.58		-10.43		
	353.55		-16.33		-11.39		
	353.59		-15.00		-10.49		
	353.66		-15.16		-10.27		
	353.69		-15.65		-10.87		
	353.75		-16.49		-10.54		
	353.78		-15.33		-11.01		
	353.83		-14.62		-11.02		
	353.86		-15.65		-10.49		
	353.91		-16.06		-11.03		
	353.94		-15.67		-10.95		
	353.97		-15.43		-10.72		
	354.03		-15.46		-11.09		
	354.06		-16.04		-11.16		
	354.11		-15.12		-10.74		
	354.17		-15.60		-10.89		
	354.22		-14.63		-10.97		
	354.27		-15.59		-10.88		
	354.31		-15.58		-10.51		
	354.34		-16.48		-10.62		
	354.41		-15.71		-10.16		
	354.45		-15.89		-10.49		
	354.50		-15.39		-10.30		
	354.55		-15.22		-11.09		
	354.59		-15.58		-11.16		
	354.66		-15.68		-10.54		
	354.70		-15.14		-9.84		
	354.75		-15.21		-10.66		
	354.81		-15.80		-10.72		
	354.84		-16.38		-11.17		
	354.91		-15.80		-11.08		
	354.95		-15.78		-10.64		
	355.00		-15.29		-10.72		
	355.03		-17.18		-11.22		
	355.09		-14.67		-10.73		
	355.13		-15.00		-10.45		
	355.19		-15.14		-10.08		
	355.22		-15.02		-10.23		
	355.28		-15.45		-10.51		
	355.33		-15.66		-10.38		
	355.39		-14.43		-10.50		
	355.42		-15.05		-10.39		
	355.47		-16.24		-10.85		
	355.53		-15.95		-10.50		
	355.56		-15.76		-10.52		
	355.58		-15.56		-10.83		
	355.64		-14.97		-10.62		
	355.69		-15.82		-10.73		
	355.73		-15.36		-11.12		
	355.78		-16.31		-10.46		
	355.83		-14.77		-10.60		
	355.88		-17.16		-11.01		
	355.92		-15.71		-10.31		
	355.98		-15.29		-10.42		
	356.02		-15.99		-10.96		
	356.08		-15.35		-10.86		
	356.11		-16.41		-10.87		
	356.16		-15.23		-10.79		
	356.20		-15.07		-10.43		
	356.25		-15.65		-9.99		
	356.30		-16.07		-10.20		
	356.33		-15.70		-10.54		
	356.39		-15.55		-10.09		
	356.42		-15.56		-10.35		
	356.47		-15.44		-10.39		
	356.52		-14.81		-10.02		
	356.56		-15.82		-10.88		
	356.59		-16.42		-11.10		
	356.66		-15.57		-10.58		
	356.69		-16.25		-11.25		
	356.75		-15.55		-10.73		
	356.78		-14.96		-10.71		
	356.84		-14.59		-9.92		
	356.88		-16.05		-11.02		
	356.94		-15.57		-10.66		
	356.97		-15.82		-10.81		
	357.00		-16.40		-10.38		
	357.06		-16.04		-11.39		
	357.13		-14.65		-10.34		
	357.16		-15.41		-10.95		
	357.22		-15.10		-10.00		
	357.28		-15.66		-10.34		
	357.31		-15.23		-10.33		
	357.36		-15.82		-10.77		
	357.41		-14.44		-10.14		
	357.45		-16.31		-10.50		
	357.50		-16.39		-10.75		
	357.56		-15.07		-10.36		
	357.61		-15.51		-10.49		
	357.66		-14.92		-10.46		
	357.70		-15.39		-10.45		
	357.75		-16.03		-11.12		
	357.80		-15.32		-10.51		
	357.84		-15.21		-10.63		
	357.89		-15.93		-10.87		
	357.94		-15.18		-11.01		
	357.98		-16.03		-10.33		
	358.03		-15.13		-10.97		
	358.08		-15.51		-10.23		
	358.11		-15.92		-11.03		
	358.17		-15.74		-10.37		
	358.20		-15.50		-10.91		
	358.27		-15.75		-11.04		
	358.30		-15.70		-10.85		
	358.34		-16.14		-11.10		
	358.39		-14.78		-10.31		
	358.44		-16.34		-10.88		
	358.47		-15.49		-10.52		
	358.52		-15.68		-10.57		
	358.56		-16.36		-11.47		
	358.61		-15.00		-10.11		
	358.66		-15.23		-10.79		
	358.72		-16.13		-11.06		
	358.75		-15.77		-11.25		
	358.80		-15.46		-11.01		
	358.86		-16.17		-10.52		
	358.91		-15.15		-11.03		
	358.95		-14.78		-9.87		
	359.00		-16.36		-11.24		
	359.05		-15.44		-10.70		
	359.09		-16.07		-10.65		
	359.14		-15.72		-10.94		
	359.17		-15.93		-10.84		
	359.22		-15.94		-11.08		
	359.25		-15.72		-10.81		
	359.31		-15.02		-9.97		
	359.36		-14.31		-10.93		
	359.41		-15.57		-10.62		
	359.44		-14.25		-10.48		
	359.50		-16.21		-10.69		
	359.53		-14.38		-10.90		
	359.61		-15.96		-10.43		
	359.66		-15.88		-11.10		
	359.72		-15.61		-10.66		
	359.75		-16.29		-10.71		
	359.83		-15.82		-10.69		
	359.86		-15.00		-10.34		
	359.92		-15.78		-11.00		
	359.95		-15.95		-11.11		
	360.02		-15.36		-10.59		
	360.05		-16.45		-11.07		
	360.11		-15.62		-10.89		
	360.14		-15.71		-10.93		
	360.20		-16.47		-11.11		
	360.23		-14.63		-10.94		
	360.30		-15.28		-10.31		
	360.36		-16.01		-11.02		
	360.39		-14.99		-10.52		
	360.45		-14.93		-10.54		
	360.50		-14.76		-9.79		
	360.53		-15.96		-10.81		
	360.58		-15.51		-10.49		
	360.61		-15.85		-10.51		
	360.67		-15.59		-10.44		
	360.72		-15.28		-10.24		
	360.77		-15.32		-10.62		
	360.81		-14.58		-10.67		
	360.86		-15.87		-10.67		
	360.91		-14.92		-10.68		
	360.97		-14.92		-10.68		
	361.02		-15.37		-10.00		
	361.06		-15.67		-11.18		
	361.11		-16.13		-10.44		
	361.16		-16.92		-11.02		
	361.20		-15.57		-10.54		
	361.25		-15.59		-10.78		
	361.30		-15.82		-10.85		
	361.34		-15.46		-10.78		
	361.41		-16.09		-10.77		
	361.44		-15.67		-10.31		
	361.48		-15.47		-10.74		
	361.52		-15.49		-10.37		
	361.56		-16.16		-11.29		
	361.61		-15.32		-10.36		
	361.67		-15.39		-10.26		
	361.70		-15.85		-10.70		
	361.77		-16.11		-10.44		
	361.80		-15.07		-10.89		
	361.88		-15.25		-10.45		
	361.91		-15.83		-10.81		
	361.95		-16.14		-11.02		
	362.00		-15.39		-10.45		
	362.05		-16.23		-10.66		
	362.09		-14.85		-10.64		
	362.14		-15.59		-10.96		
	362.19		-15.73		-11.25		
	362.23		-16.32		-10.92		
	362.28		-15.34		-10.55		
	362.36		-15.10		-10.44		
	362.44		-15.04		-10.02		
	362.47		-15.58		-10.78		
	362.53		-15.13		-10.64		
	362.56		-15.73		-10.96		
	362.61		-16.16		-10.60		
	362.64		-15.79		-11.18		
	362.70		-16.49		-11.17		
	362.77		-16.99		-11.47		
	362.80		-15.19		-10.50		
	362.88		-15.25		-10.60		
	362.91		-15.72		-10.78		
	362.97		-14.88		-10.15		
	363.02		-15.50		-10.18		
	363.08		-16.48		-11.00		
	363.11		-16.10		-10.06		
	363.17		-15.47		-10.66		
	363.22		-15.62		-10.48		
	363.28		-16.16		-11.18		
	363.33		-15.08		-10.66		
	363.38		-15.80		-10.05		
	363.44		-16.06		-10.87		
	363.47		-15.83		-10.70		
	363.53		-16.14		-11.40		
	363.59		-15.43		-10.70		
	363.63		-15.27		-11.07		
	363.70		-16.14		-10.56		
	363.75		-15.32		-10.58		
	363.80		-15.93		-11.23		
	363.84		-16.26		-10.48		
	363.89		-15.00		-10.92		
	363.95		-16.30		-10.49		
	364.00		-15.90		-10.64		
	364.05		-15.06		-10.50		
	364.11		-15.76		-10.60		
	364.14		-14.70		-10.50		
	364.20		-15.94		-10.50		
	364.27		-16.10		-10.62		
	364.30		-14.46		-11.04		
	364.36		-15.70		-10.58		
	364.41		-14.96		-10.44		
	364.47		-14.70		-10.11		
	364.52		-15.50		-10.86		
	364.56		-16.07		-10.57		
	364.61		-15.83		-11.11		
	364.64		-14.85		-10.62		
	364.69		-15.68		-10.57		
	364.75		-15.31		-11.03		
	364.78		-14.74		-10.59		
	364.84		-16.20		-10.77		
	364.91		-15.55		-10.57		
	364.94		-16.02		-10.79		
	365.00		-15.69		-10.20		
	365.03		-15.53		-10.09		
	365.09		-15.64		-10.71		
	365.13		-15.34		-10.44		
	365.19		-14.90		-10.72		
	365.22		-15.22		-10.25		
	365.28		-15.74		-10.71		
	365.33		-15.42		-11.11		
	365.39		-15.69		-11.08		
	365.42		-14.40		-10.53		
	365.48		-15.73		-10.71		
	365.56		-16.33		-10.50		
	365.58		-15.90		-11.18		
	365.64		-16.42		-10.64		
	365.70		-15.77		-10.79		
	365.73		-14.81		-10.10		
	365.77		-14.95		-10.51		
	365.83		-15.39		-10.90		
	365.86		-15.08		-10.51		
	365.92		-15.19		-10.50		
	365.95		-16.33		-10.69		
	366.02		-15.98		-11.04		
	366.05		-14.45		-10.03		
	366.11		-16.58		-10.92		
	366.16		-17.26		-11.08		
	366.20		-15.40		-10.65		
	366.25		-16.27		-11.02		
	366.31		-15.85		-10.86		
	366.34		-16.43		-10.44		
	366.41		-15.84		-10.43		
	366.45		-15.93		-10.88		
	366.50		-15.62		-10.15		
	366.56		-14.14		-10.20		
	366.59		-15.45		-10.78		
	366.66		-14.91		-10.50		
	366.69		-15.33		-10.40		
	366.73		-16.05		-10.57		
	366.78		-15.28		-10.24		
	366.84		-15.57		-10.58		
	366.88		-15.79		-11.10		
	366.95		-15.37		-10.91		
	366.98		-15.29		-10.58		
	367.05		-14.67		-10.10		
	367.08		-14.75		-10.57		
	367.13		-15.02		-9.79		
	367.17		-15.53		-10.68		
	367.23		-14.93		-10.21		
	367.28		-15.57		-10.58		
	367.33		-16.64		-10.63		
	367.38		-15.19		-9.79		
	367.42		-14.53		-10.68		
	367.48		-15.02		-10.71		
	367.52		-15.39		-11.02		
	367.59		-15.19		-10.89		
	367.66		-16.21		-10.85		
	367.70		-15.28		-11.41		
	367.77		-14.85		-10.67		
	367.83		-15.97		-10.70		
	367.86		-15.07		-10.32		
	367.92		-16.74		-11.63		
	367.97		-16.33		-10.93		
	368.02		-16.35		-10.54		
	368.06		-14.81		-10.43		
	368.11		-16.04		-10.95		
	368.16		-14.29		-9.99		
	368.25		-15.73		-10.71		
	368.30		-14.73		-9.97		
	368.36		-14.92		-9.68		
	368.41		-15.84		-10.16		
	368.45		-15.17		-10.32		
	368.52		-15.27		-10.27		
	368.58		-15.12		-10.27		
	368.63		-15.42		-10.54		
	368.69		-15.63		-10.45		
	368.73		-16.64		-10.67		
	368.80		-15.11		-10.79		
	368.81		-15.65		-11.02		
	368.88		-16.23		-10.70		
	368.91		-15.71		-10.36		
	368.95		-14.92		-11.03		
	369.00		-15.96		-10.54		
	369.03		-15.58		-10.96		
	369.09		-14.86		-9.97		
	369.16		-16.39		-10.94		
	369.19		-15.17		-10.53		
	369.23		-15.73		-11.17		
	369.28		-16.31		-11.55		
	369.33		-16.49		-10.93		
	369.34		-15.68		-10.80		
	369.41		-16.82		-11.33		
	369.47		-15.65		-10.34		
	369.50		-15.71		-10.13		
	369.56		-15.65		-10.64		
	369.59		-15.39		-10.76		
	369.66		-16.21		-10.58		
	369.69		-15.89		-10.75		
	369.77		-15.17		-11.32		
	369.81		-15.16		-10.46		
	369.86		-16.53		-10.86		
	369.92		-15.64		-10.45		
