	 time 		 X 		 Y

	55.44		-2.41		-3.30		
	55.58		-2.23		-3.23		
	55.70		-2.13		-3.26		
	55.80		-2.20		-3.27		
	55.91		-2.32		-3.32		
	56.03		-2.53		-3.47		
	56.13		-3.24		-3.55		
	56.23		-3.34		-3.59		
	56.34		-2.95		-3.49		
	56.44		-2.24		-3.32		
	56.55		-2.43		-3.27		
	56.66		-2.63		-3.35		
	56.77		-1.99		-3.11		
	56.89		-1.00		-1.97		
	57.00		-1.23		-1.42		
	57.11		-4.35		-1.15		
	57.19		-5.27		-1.48		
	57.31		-0.97		-2.01		
	57.41		8.90		-1.50		
	57.53		11.41		-1.53		
	57.66		7.82		-1.31		
	57.72		-1.35		-2.50		
	57.81		-12.11		-4.05		
	57.92		-15.84		-3.30		
	58.02		-15.93		-1.66		
	58.13		-15.73		-0.87		
	58.25		-14.99		-0.80		
	58.36		-9.36		-2.31		
	58.47		-2.93		-3.34		
	58.59		-0.78		-4.10		
	58.69		-2.08		-3.29		
	58.81		-1.80		-2.23		
	58.92		0.76		-1.70		
	59.08		1.77		-1.80		
	59.19		1.27		-1.80		
	59.28		2.60		-2.35		
	59.42		3.64		-2.91		
	59.53		3.57		-3.37		
	59.64		5.50		-4.07		
	59.75		7.09		-5.02		
	59.84		7.68		-5.66		
	59.92		8.16		-6.25		
	60.03		7.89		-6.54		
	60.16		6.93		-7.01		
	60.30		6.17		-6.95		
	60.39		5.78		-5.59		
	60.52		6.16		-3.76		
	60.59		7.57		-2.04		
	60.70		8.58		-0.92		
	60.81		6.66		-0.89		
	60.94		5.58		-1.27		
	61.05		4.76		-1.83		
	61.16		4.73		-2.16		
	61.27		5.00		-2.33		
	61.38		5.15		-2.61		
	61.50		5.18		-2.95		
	61.61		5.26		-3.14		
	61.72		5.29		-3.19		
	61.84		5.02		-3.82		
	61.94		4.55		-4.95		
	62.08		4.96		-5.27		
	62.19		6.03		-4.26		
	62.31		7.02		-2.73		
	62.38		7.32		-1.82		
	62.47		7.03		-1.05		
	62.58		6.98		-0.52		
	62.67		6.65		-0.20		
	62.78		5.60		-0.71		
	62.88		5.26		-1.33		
	62.98		5.01		-2.28		
	63.09		4.81		-2.89		
	63.22		4.74		-2.96		
	63.31		4.63		-3.07		
	63.39		5.57		-2.19		
	63.50		6.79		-0.99		
	63.59		6.66		-0.41		
	63.69		6.13		-0.23		
	63.81		5.56		-1.59		
	63.92		5.37		-2.24		
	64.02		5.39		-2.19		
	64.13		6.20		-1.61		
	64.23		7.34		-1.04		
	64.34		7.17		-0.74		
	64.42		6.20		-0.71		
	64.55		5.88		-0.77		
	64.64		6.50		-0.96		
	64.73		6.09		-0.89		
	64.83		5.98		-0.88		
	64.91		6.93		-1.08		
	65.02		5.02		-2.10		
	65.19		6.04		-0.99		
	65.28		6.25		-0.97		
	65.39		5.45		-1.19		
	65.47		6.48		-1.36		
	65.59		6.97		-1.25		
	65.70		6.56		-1.01		
	65.78		8.02		-1.48		
	65.92		6.59		-0.41		
	66.02		5.40		0.30		
	66.13		5.21		0.21		
	66.23		4.86		-0.05		
	66.34		4.99		0.29		
	66.42		5.06		0.66		
	66.52		5.31		0.59		
	66.66		5.50		0.35		
	66.80		5.57		-0.01		
	66.88		5.19		-0.57		
	66.98		4.54		-1.88		
	67.11		4.53		-1.83		
	67.23		5.94		-0.84		
	67.33		7.36		-0.03		
	67.41		7.91		0.37		
	67.50		8.22		1.09		
	67.63		7.50		1.53		
	67.73		6.68		0.95		
	67.83		6.20		0.16		
	67.94		5.93		-0.09		
	68.03		4.72		-0.71		
	68.14		3.71		-1.20		
	68.22		3.42		-1.12		
	68.31		5.19		-0.84		
	68.42		7.80		-0.30		
	68.50		8.27		0.04		
	68.61		9.05		0.03		
	68.69		8.52		-0.31		
	68.81		6.98		-0.78		
	68.91		6.36		-0.97		
	69.06		6.53		-0.89		
	69.27		5.96		-1.28		
	69.41		5.80		-1.21		
	69.59		6.63		-0.61		
	69.72		6.33		-0.69		
	69.89		6.30		-1.29		
	70.03		6.46		-1.16		
	70.19		6.48		-1.08		
	70.31		6.53		-1.17		
	70.41		6.92		-1.88		
	70.50		7.27		-2.13		
	70.61		7.53		-2.50		
	70.72		8.09		-3.02		
	70.84		8.73		-3.34		
	70.94		8.98		-3.35		
	71.03		8.90		-3.12		
	71.11		8.10		-2.54		
	71.22		7.03		-2.27		
	71.31		6.46		-2.35		
	71.42		5.37		-2.76		
	71.53		4.44		-2.90		
	71.64		3.51		-2.77		
	71.77		6.10		-2.27		
	71.83		6.42		-2.46		
	71.95		4.40		-3.55		
	72.06		0.72		-4.14		
	72.16		-2.47		-4.54		
	72.33		-3.91		-5.30		
	72.42		-4.17		-5.44		
	72.53		-4.11		-5.59		
	72.69		-3.58		-5.75		
	72.86		-2.86		-5.67		
	73.00		-2.03		-5.24		
	73.11		-1.99		-5.19		
	73.33		-1.15		-5.05		
	73.47		0.21		-5.03		
	73.48		0.46		-5.06		
	73.56		1.24		-5.13		
	73.67		1.52		-5.21		
	73.80		1.44		-5.14		
	73.91		1.00		-5.10		
	74.00		-0.19		-4.99		
	74.20		-1.59		-4.91		
	74.38		-1.80		-4.96		
	74.48		-2.00		-4.99		
	74.67		-1.90		-4.95		
	74.80		-1.81		-4.95		
	74.92		-1.84		-4.89		
	75.02		-1.86		-4.97		
	75.13		-2.03		-4.95		
	75.33		-2.29		-4.74		
	75.45		-2.48		-4.73		
	75.56		-2.88		-4.65		
	75.67		-3.46		-4.64		
	75.86		-3.76		-4.63		
	76.00		-3.98		-4.59		
	76.11		-4.01		-4.56		
	76.23		-4.05		-4.28		
	76.31		-4.03		-4.24		
	76.42		-3.98		-4.10		
	76.53		-3.88		-3.98		
	76.58		-3.77		-3.78		
	76.73		-3.90		-3.64		
	76.81		-3.85		-3.63		
	76.94		-3.75		-3.55		
	77.05		-3.54		-3.54		
	77.14		-3.31		-3.51		
	77.20		-3.20		-3.41		
	77.31		-4.22		-3.18		
	77.42		-5.05		-2.83		
	77.52		-5.88		-2.49		
	77.63		-6.38		-2.22		
	77.73		-7.15		-2.01		
	77.84		-7.09		-2.22		
	77.97		-6.41		-2.73		
	78.05		-5.95		-2.99		
	78.19		-5.28		-3.27		
	78.30		-4.79		-3.70		
	78.48		-3.91		-4.21		
	78.56		-3.61		-4.44		
	78.64		-3.41		-4.48		
	78.77		-3.15		-4.54		
	78.88		-3.01		-4.50		
	78.97		-2.94		-4.53		
	79.08		-2.70		-4.56		
	79.16		-2.66		-4.70		
	79.25		-2.62		-4.75		
	79.34		-3.01		-4.72		
	79.53		-3.38		-4.63		
	79.61		-3.62		-4.56		
	79.78		-3.68		-4.70		
	79.89		-3.48		-4.90		
	80.05		-3.42		-5.12		
	80.22		-3.71		-5.15		
	80.33		-4.18		-4.87		
	80.53		-4.56		-4.57		
	80.64		-4.88		-4.51		
	80.72		-4.90		-4.55		
	80.91		-5.44		-4.53		
	81.00		-5.60		-4.46		
	81.13		-5.74		-4.45		
	81.20		-5.88		-4.38		
	81.34		-6.02		-4.37		
	81.39		-6.02		-4.37		
	81.47		-6.08		-4.34		
	81.58		-6.17		-4.43		
	81.67		-5.89		-4.46		
	81.81		-5.37		-4.43		
	81.92		-5.38		-4.53		
	82.00		-5.44		-4.46		
	82.13		-5.46		-4.50		
	82.22		-5.46		-4.50		
	82.45		-5.66		-4.52		
	82.56		-5.78		-4.46		
	82.73		-5.88		-4.51		
	82.83		-5.97		-4.62		
	82.89		-5.87		-4.64		
	83.03		-5.73		-4.73		
	83.22		-5.73		-4.74		
	83.36		-5.69		-4.81		
	83.73		-5.88		-5.24		
	83.81		-5.91		-5.39		
	83.92		-6.21		-5.47		
	84.00		-6.50		-5.53		
	84.27		-6.97		-5.54		
	84.45		-7.11		-5.66		
	84.63		-6.74		-5.49		
	84.77		-6.65		-5.45		
	84.94		-6.57		-5.52		
	85.08		-6.54		-5.54		
	85.22		-6.37		-5.70		
	85.41		-5.90		-6.04		
	85.61		-5.67		-6.23		
	85.75		-6.13		-6.14		
	85.94		-6.68		-5.81		
	86.09		-6.77		-5.69		
	86.28		-6.60		-5.60		
	86.41		-6.56		-5.53		
	86.59		-6.34		-5.30		
	86.73		-6.06		-5.20		
	86.94		-5.58		-5.08		
	87.09		-5.28		-4.98		
	87.27		-5.23		-4.98		
	87.44		-5.54		-5.14		
	87.58		-5.63		-5.26		
	87.69		-5.03		-5.37		
	87.81		-4.89		-5.57		
	87.92		-4.44		-5.75		
	88.03		-3.51		-6.00		
	88.17		-3.23		-6.08		
	88.25		-3.02		-6.05		
	88.36		-2.62		-5.73		
	88.47		-2.22		-5.46		
	88.56		-2.05		-5.43		
	88.72		-1.63		-5.38		
	88.81		-1.25		-5.29		
	88.91		-0.84		-5.33		
	89.02		-0.55		-5.38		
	89.13		0.26		-5.59		
	89.23		2.77		-5.50		
	89.34		5.72		-5.32		
	89.44		7.09		-5.40		
	89.55		5.43		-5.60		
	89.64		0.13		-5.93		
	89.77		-4.72		-5.80		
	89.86		-7.24		-5.34		
	90.00		-9.23		-5.04		
	90.11		-10.18		-5.07		
	90.23		-10.97		-5.32		
	90.31		-11.18		-5.36		
	90.42		-11.89		-5.38		
	90.50		-11.10		-5.24		
	90.63		-12.42		-5.36		
	90.70		-13.58		-5.93		
	90.83		-13.81		-6.07		
	90.92		-13.51		-6.02		
	91.02		-13.85		-6.04		
	91.09		-14.00		-6.02		
	91.19		-14.19		-6.20		
	91.33		-13.41		-7.13		
	91.42		-11.41		-7.33		
	91.55		-13.58		-6.67		
	91.63		-14.03		-5.89		
	91.73		-14.25		-5.54		
	91.86		-13.08		-5.10		
	91.95		-12.24		-4.69		
	92.05		-11.45		-4.02		
	92.16		-11.35		-3.39		
	92.28		-11.39		-2.94		
	92.36		-11.41		-2.98		
	92.45		-12.02		-2.54		
	92.55		-12.34		-1.76		
	92.64		-11.58		-1.14		
	92.77		-10.80		-0.81		
	92.88		-10.16		-0.74		
	92.97		-8.98		-1.07		
	93.08		-8.36		-1.26		
	93.19		-8.73		-1.44		
	93.30		-10.40		-1.26		
	93.36		-11.97		-1.11		
	93.47		-12.64		-1.03		
	93.59		-12.67		-0.99		
	93.67		-12.24		-0.98		
	93.80		-10.94		-0.95		
	93.92		-11.77		-0.13		
	94.00		-12.12		0.28		
	94.09		-11.61		0.56		
	94.20		-11.50		0.85		
	94.30		-11.08		0.93		
	94.39		-10.89		0.95		
	94.48		-12.09		1.30		
	94.58		-12.26		1.57		
	94.66		-11.33		1.97		
	94.77		-10.86		1.92		
	94.91		-11.59		2.21		
	95.00		-11.67		2.21		
	95.11		-10.99		1.90		
	95.22		-10.21		1.90		
	95.33		-10.27		2.05		
	95.45		-10.44		1.88		
	95.56		-10.81		1.77		
	95.66		-10.94		1.54		
	95.77		-10.89		1.13		
	95.88		-10.57		0.62		
	95.97		-10.69		0.68		
	96.06		-11.18		0.47		
	96.19		-11.19		0.27		
	96.30		-11.24		0.20		
	96.39		-11.03		0.23		
	96.50		-10.63		0.33		
	96.63		-10.24		0.62		
	96.73		-10.27		0.62		
	96.80		-10.57		0.61		
	96.89		-11.43		0.55		
	97.00		-11.94		1.42		
	97.13		-11.62		2.37		
	97.23		-11.27		2.20		
	97.33		-10.49		1.38		
	97.44		-10.57		1.68		
	97.53		-10.84		3.27		
	97.70		-10.69		4.55		
	97.80		-10.87		4.69		
	97.89		-10.79		4.89		
	98.08		-9.76		5.05		
	98.25		-8.84		4.56		
	98.45		-8.56		4.18		
	98.53		-8.44		4.25		
	98.64		-8.76		4.14		
	98.80		-9.05		3.99		
	98.95		-9.29		3.62		
	99.03		-9.21		3.31		
	99.16		-8.78		3.06		
	99.34		-5.95		1.90		
	99.45		-4.31		0.07		
	99.53		-4.25		-1.20		
	99.64		-5.49		-1.51		
	99.75		-6.35		-1.70		
	99.84		-8.36		-2.09		
	99.97		-9.54		-2.89		
	100.13		-10.35		-2.75		
	100.31		-10.51		-2.13		
	100.48		-9.99		-0.20		
	100.64		-8.75		1.77		
	100.78		-7.33		4.07		
	100.95		-6.91		4.92		
	101.11		-6.46		6.37		
	101.20		-6.59		6.54		
	101.31		-6.84		6.62		
	101.42		-7.46		6.80		
	101.52		-8.04		6.66		
	101.63		-8.40		6.30		
	101.72		-8.49		6.03		
	101.81		-8.62		5.34		
	101.92		-9.00		4.99		
	102.03		-8.82		4.74		
	102.14		-7.66		4.74		
	102.25		-4.75		4.00		
	102.34		-3.16		3.78		
	102.42		-2.87		3.41		
	102.53		-2.77		3.20		
	102.66		-0.77		2.58		
	102.75		0.41		3.38		
	102.83		0.99		4.35		
	102.94		2.87		3.65		
	103.05		3.05		3.55		
	103.16		4.14		3.79		
	103.25		4.24		3.71		
	103.34		3.36		3.87		
	103.45		2.71		3.90		
	103.55		2.27		3.62		
	103.63		2.08		3.50		
	103.75		2.11		3.32		
	103.83		2.10		3.47		
	103.95		1.57		3.67		
	104.06		1.83		3.57		
	104.17		3.18		4.02		
	104.25		4.43		4.16		
	104.34		4.73		3.92		
	104.45		4.78		3.92		
	104.56		4.28		3.87		
	104.69		3.35		3.30		
	104.80		3.49		2.72		
	104.97		3.16		2.83		
	105.05		3.19		2.70		
	105.16		3.37		2.39		
	105.27		3.54		2.27		
	105.42		3.88		2.29		
	105.52		3.97		2.33		
	105.63		4.31		2.43		
	105.88		4.56		2.71		
	105.98		4.61		2.80		
	106.47		4.43		3.11		
	106.67		4.36		3.19		
	106.75		4.42		3.46		
	106.86		4.30		3.99		
	106.97		4.22		4.26		
	107.08		4.48		4.63		
	107.20		4.44		4.74		
	107.33		4.64		5.00		
	107.42		4.83		5.29		
	107.53		5.02		5.71		
	107.63		5.05		5.76		
	107.72		4.84		5.48		
	107.84		5.04		4.95		
	107.92		5.22		4.69		
	108.06		5.42		4.61		
	108.14		5.59		4.56		
	108.23		5.70		4.53		
	108.34		5.99		4.69		
	108.42		5.89		4.87		
	108.55		5.91		4.89		
	108.66		5.66		4.96		
	108.75		5.52		5.08		
	108.84		5.64		5.02		
	108.95		5.96		5.15		
	109.06		6.15		5.34		
	109.16		6.01		5.42		
	109.25		6.04		5.32		
	109.36		5.92		5.12		
	109.48		5.88		5.07		
	109.61		5.78		4.58		
	109.72		5.68		4.37		
	109.81		5.60		4.22		
	109.89		5.70		4.10		
	110.00		5.53		4.00		
	110.13		5.60		3.69		
	110.25		5.81		3.06		
	110.31		6.38		3.46		
	110.42		6.12		3.74		
	110.56		4.87		3.87		
	110.64		4.54		3.73		
	110.72		5.31		3.93		
	110.84		6.33		3.91		
	110.94		7.42		3.73		
	111.03		8.04		4.42		
	111.16		7.84		4.73		
	111.23		7.23		4.96		
	111.34		7.05		5.29		
	111.45		7.23		5.52		
	111.56		7.48		5.63		
	111.66		7.79		5.88		
	111.77		8.09		6.09		
	111.86		8.69		6.47		
	111.94		8.56		6.59		
	112.03		8.23		6.48		
	112.14		8.26		6.34		
	112.25		8.21		6.06		
	112.38		8.41		6.00		
	112.47		8.52		6.16		
	112.56		8.23		6.06		
	112.66		8.02		5.97		
	112.75		8.26		5.79		
	112.84		8.61		5.83		
	112.95		8.78		5.87		
	113.06		8.74		5.99		
	113.20		8.63		6.20		
	113.30		8.42		5.83		
	113.41		8.70		5.28		
	113.50		8.87		4.79		
	113.66		7.79		4.55		
	113.73		7.67		4.52		
	113.86		7.59		4.38		
	113.94		7.60		4.35		
	114.05		7.41		4.31		
	114.14		7.31		4.41		
	114.27		7.23		4.29		
	114.36		7.02		4.15		
	114.45		7.04		4.21		
	114.55		6.79		4.30		
	114.67		6.96		4.54		
	114.78		6.76		4.87		
	114.97		6.37		5.27		
	115.13		6.58		5.44		
	115.34		6.74		5.37		
	115.45		6.95		5.56		
	115.64		7.10		5.66		
	115.78		7.29		5.80		
	115.94		7.52		5.88		
	116.05		7.66		5.99		
	116.14		8.01		6.07		
	116.23		8.30		6.05		
	116.34		8.71		6.02		
	116.44		9.01		5.97		
	116.53		9.25		5.88		
	116.67		8.87		5.72		
	116.75		8.58		5.54		
	116.86		8.14		5.08		
	116.97		7.07		4.08		
	117.08		4.95		2.94		
	117.17		2.04		1.45		
	117.28		-0.82		0.24		
	117.38		-3.51		-0.92		
	117.50		-5.46		-1.75		
	117.63		-7.47		-2.46		
	117.70		-8.83		-2.70		
	117.83		-10.36		-3.03		
	117.94		-10.81		-2.82		
	118.05		-10.67		-3.06		
	118.09		-10.62		-3.15		
	118.19		-10.70		-2.83		
	118.30		-11.48		-2.47		
	118.48		-11.40		-2.44		
	118.59		-11.76		-2.95		
	118.72		-11.21		-3.03		
	118.73		-10.99		-3.11		
	118.81		-10.53		-2.85		
	118.91		-11.19		-2.89		
	119.05		-11.79		-2.59		
	119.14		-11.84		-2.30		
	119.27		-12.31		-2.00		
	119.31		-12.31		-2.07		
	119.47		-12.22		-2.10		
	119.58		-12.29		-2.12		
	119.70		-12.39		-2.12		
	119.84		-12.32		-2.05		
	120.09		-12.41		-1.69		
	120.17		-12.58		-1.50		
	120.27		-12.51		-1.41		
	120.38		-12.70		-1.26		
	120.47		-12.67		-0.97		
	120.59		-12.68		-0.80		
	120.78		-12.87		0.17		
	120.94		-12.75		0.62		
	121.08		-12.81		0.63		
	121.16		-12.85		0.56		
	121.25		-12.76		0.43		
	121.48		-12.76		0.30		
	121.61		-12.84		0.45		
	121.67		-12.75		0.44		
	121.77		-12.81		0.62		
	121.89		-12.85		0.67		
	122.02		-12.69		0.55		
	122.09		-12.76		0.45		
	122.16		-12.72		0.43		
	122.64		-12.61		-0.06		
	122.69		-12.57		-0.24		
	122.86		-12.10		-0.81		
	122.97		-11.88		-1.12		
	123.22		-11.60		-1.35		
	123.39		-11.71		-1.42		
	123.52		-11.78		-1.36		
	123.67		-12.23		-1.12		
	123.77		-12.32		-0.99		
	123.86		-12.31		-0.98		
	123.94		-12.26		-1.09		
	124.17		-12.41		-1.28		
	124.25		-12.23		-1.37		
	124.47		-12.40		-1.34		
	124.59		-12.50		-1.02		
	124.75		-12.55		-0.68		
	124.83		-12.61		-0.65		
	124.91		-12.70		-0.62		
	125.06		-12.77		-0.63		
	125.16		-12.96		-0.68		
	125.36		-12.93		-0.64		
	125.45		-12.90		-0.70		
	125.67		-13.03		-0.76		
	125.80		-13.09		-0.66		
	125.94		-13.27		-0.28		
	126.08		-13.39		-0.33		
	126.16		-13.39		-0.38		
	126.25		-13.42		-0.54		
	126.66		-13.48		-0.40		
	126.72		-13.48		-0.29		
	126.89		-13.40		-0.28		
	126.98		-13.34		-0.30		
	127.11		-13.53		-0.32		
	127.19		-13.59		-0.42		
	129.39		-14.70		-0.95		
	129.45		-15.05		-0.72		
	129.58		-15.06		-0.27		
	129.69		-15.05		-0.08		
	129.78		-15.01		-0.30		
	129.88		-14.97		-0.55		
	129.97		-15.75		0.16		
	130.06		-16.34		1.18		
	130.17		-16.80		1.81		
	130.28		-16.94		1.60		
	130.39		-16.87		1.34		
	130.52		-16.52		1.18		
	130.63		-15.85		0.66		
	130.75		-15.53		0.41		
	130.84		-15.01		0.57		
	130.94		-13.61		0.12		
	131.08		-11.93		-1.18		
	131.17		-10.66		-1.42		
	131.28		-9.29		-1.24		
	131.39		-8.29		-1.43		
	131.48		-9.21		-1.69		
	131.61		-8.96		-1.68		
	131.77		-5.99		-0.77		
	131.88		-2.47		-0.02		
	131.98		2.60		0.23		
	132.11		4.69		-0.46		
	132.20		6.28		-1.44		
	132.30		7.67		-1.91		
	132.41		8.57		-2.02		
	132.52		9.37		-1.78		
	132.61		9.74		-1.31		
	132.69		9.85		-0.93		
	132.80		9.91		-0.68		
	132.91		9.97		-0.49		
	133.02		9.78		-0.09		
	133.13		9.10		0.18		
	133.22		9.03		0.45		
	133.31		9.13		0.99		
	133.41		9.37		1.33		
	133.53		9.45		1.64		
	133.63		8.88		2.31		
	133.80		8.58		2.63		
	133.95		8.38		2.17		
	133.97		8.38		2.09		
	134.05		8.28		1.95		
	134.16		8.35		0.91		
	134.25		8.16		0.24		
	134.36		7.80		0.26		
	134.47		7.12		0.39		
	134.59		6.81		0.21		
	134.67		6.72		-0.15		
	134.78		6.96		-0.17		
	134.89		7.21		-0.10		
	135.00		7.44		0.03		
	135.11		7.29		0.29		
	135.22		6.81		0.51		
	135.33		6.43		0.78		
	135.45		6.38		0.83		
	135.53		6.69		0.81		
	135.64		7.26		0.99		
	135.73		7.93		1.13		
	135.84		8.19		1.14		
	135.97		8.46		1.24		
	136.09		8.52		1.05		
	136.19		8.68		0.71		
	136.27		8.38		0.41		
	136.38		8.38		0.13		
	136.48		8.62		-0.14		
	136.59		8.71		-0.19		
	136.70		8.67		-0.16		
	136.81		8.52		0.49		
	136.92		8.54		1.60		
	137.03		8.92		2.77		
	137.19		9.45		3.72		
	137.25		9.78		4.33		
	137.39		10.04		4.59		
	137.47		10.02		4.71		
	137.59		9.81		4.55		
	137.70		9.80		4.41		
	137.92		9.90		4.24		
	138.02		9.91		4.14		
	138.33		9.93		3.28		
	138.44		9.96		2.61		
	138.61		10.03		2.22		
	138.72		10.26		2.15		
	138.81		10.17		2.17		
	138.91		10.05		1.79		
	139.00		9.83		1.50		
	139.09		9.61		1.62		
	139.20		9.57		2.39		
	139.34		9.81		2.78		
	139.44		10.05		2.85		
	139.56		10.41		3.08		
	139.70		10.79		3.46		
	139.86		10.69		3.81		
	139.95		10.64		3.64		
	140.08		10.47		3.25		
	140.23		10.65		3.26		
	140.30		10.97		3.48		
	140.47		11.00		3.68		
	140.59		11.35		3.83		
	140.70		11.33		3.99		
	140.81		11.14		4.03		
	141.03		10.76		4.16		
	141.09		10.75		4.10		
	141.22		10.91		4.13		
	141.33		10.93		4.25		
	141.52		11.05		4.33		
	141.61		11.05		4.16		
	141.67		10.85		4.06		
	141.94		10.92		4.19		
	142.14		10.92		4.06		
	142.39		11.02		3.95		
	142.55		10.94		3.79		
	142.81		11.14		4.07		
	142.89		11.29		4.30		
	143.13		11.28		4.37		
	143.36		11.32		4.56		
	143.52		11.12		4.38		
	143.66		11.36		4.06		
	143.83		11.43		3.98		
	143.97		11.49		4.03		
	144.16		11.62		4.48		
	144.30		11.73		4.77		
	144.50		11.85		4.98		
	144.66		11.76		4.87		
	144.83		11.86		4.66		
	145.02		11.79		4.38		
	145.17		11.55		4.16		
	145.33		11.34		4.16		
	145.44		11.03		4.09		
	145.58		10.78		3.76		
	145.77		10.85		3.34		
	145.92		10.73		3.09		
	146.06		10.50		2.77		
	146.28		9.97		1.38		
	146.42		9.24		0.85		
	146.53		8.32		1.22		
	146.64		7.48		1.62		
	146.75		6.41		1.74		
	146.84		5.68		2.02		
	146.95		4.52		2.25		
	147.05		3.06		2.66		
	147.13		2.85		2.24		
	147.23		2.39		2.19		
	147.34		1.12		2.67		
	147.44		-0.32		3.29		
	147.53		-1.90		3.97		
	147.64		-3.50		4.43		
	147.73		-4.12		4.35		
	147.86		-4.38		3.98		
	147.94		-4.10		3.57		
	148.05		-3.70		3.54		
	148.14		-3.39		3.72		
	148.25		-3.24		4.25		
	148.34		-3.29		4.47		
	148.47		-2.95		4.37		
	148.55		-3.13		4.71		
	148.66		-3.07		4.82		
	148.78		-1.68		4.06		
	148.88		-1.05		4.44		
	149.00		-1.22		5.10		
	149.09		-1.34		4.77		
	149.20		-1.75		4.23		
	149.31		-4.17		1.95		
	149.44		-10.88		2.48		
	149.55		-12.90		3.39		
	149.64		-12.96		2.96		
	149.75		-13.75		3.16		
	149.84		-12.92		3.59		
	149.97		-11.62		3.27		
	150.06		-10.75		1.33		
	150.17		-10.37		-0.24		
	150.27		-11.09		0.01		
	150.38		-12.48		0.96		
	150.50		-13.24		1.71		
	150.58		-13.25		1.51		
	150.69		-12.71		0.55		
	150.81		-12.14		-0.39		
	150.91		-12.17		-0.70		
	151.02		-12.50		-0.59		
	151.13		-12.81		-0.44		
	151.23		-12.80		-0.14		
	151.34		-12.87		0.12		
	151.48		-12.62		0.12		
	151.56		-12.42		0.31		
	151.67		-12.84		0.25		
	151.78		-13.84		0.62		
	151.89		-14.11		1.69		
	151.98		-13.79		1.94		
	152.09		-14.12		2.02		
	152.20		-14.94		0.88		
	152.30		-15.26		0.68		
	152.41		-15.63		0.49		
	152.52		-15.64		0.85		
	152.64		-14.79		2.32		
	152.72		-14.92		3.44		
	152.80		-15.26		4.10		
	152.91		-15.68		4.55		
	153.02		-14.68		5.26		
	153.16		-13.76		6.03		
	153.27		-13.47		6.30		
	153.34		-11.81		6.00		
	153.45		-9.86		5.87		
	153.59		-8.34		5.56		
	153.70		-6.78		3.73		
	153.78		-2.68		-1.31		
	153.91		-1.99		-3.44		
	154.03		-1.82		-4.38		
	154.17		-3.06		-6.22		
	154.28		-4.32		-8.22		
	154.36		-4.79		-9.30		
	154.45		-4.91		-9.53		
	154.56		-4.75		-9.91		
	154.58		-4.67		-9.91		
	154.67		-4.10		-9.95		
	154.75		-2.46		-9.07		
	154.83		-1.86		-8.54		
	154.97		-1.88		-8.52		
	155.14		-2.00		-8.63		
	155.25		-2.06		-8.69		
	155.34		-2.14		-8.72		
	155.47		-2.03		-8.83		
	155.66		-1.47		-8.69		
	155.84		-2.04		-8.74		
	155.94		-2.16		-8.83		
	156.02		-1.84		-8.90		
	156.28		-1.90		-8.93		
	156.39		-1.69		-8.90		
	156.55		-1.59		-8.99		
	156.66		-1.64		-8.89		
	156.77		-1.88		-8.78		
	156.89		-2.12		-8.21		
	156.98		-2.61		-8.02		
	157.14		-2.79		-6.97		
	157.30		-3.39		-6.45		
	157.42		-4.16		-6.89		
	157.53		-4.55		-6.82		
	157.64		-4.83		-6.85		
	157.88		-5.37		-6.73		
	158.11		-5.94		-6.23		
	158.19		-5.74		-5.73		
	158.47		-5.31		-5.11		
	158.56		-5.42		-5.03		
	158.70		-5.82		-5.58		
	158.84		-6.16		-6.61		
	158.94		-6.21		-7.41		
	159.02		-5.67		-7.99		
	159.16		-4.57		-7.49		
	159.23		-4.83		-7.34		
	159.33		-5.21		-7.03		
	159.67		-6.21		-6.20		
	159.81		-6.86		-5.67		
	159.92		-7.31		-4.86		
	160.02		-7.41		-4.48		
	160.13		-8.14		-3.25		
	160.25		-9.03		-1.74		
	160.44		-8.89		-1.27		
	160.63		-8.23		-1.48		
	160.78		-7.59		-1.29		
	160.98		-7.40		-1.05		
	161.14		-6.87		-1.50		
	161.31		-5.95		-2.97		
	161.45		-5.30		-4.75		
	161.61		-4.51		-6.05		
	161.70		-3.42		-7.02		
	161.78		-2.86		-7.92		
	161.89		-2.46		-8.33		
	161.97		-2.62		-8.50		
	162.08		-2.84		-8.20		
	162.19		-3.17		-8.21		
	162.25		-3.47		-8.07		
	162.36		-3.32		-7.78		
	162.45		-3.58		-7.55		
	162.58		-4.11		-7.30		
	162.66		-4.19		-7.55		
	162.73		-3.96		-7.82		
	162.88		-3.89		-7.99		
	162.97		-3.85		-7.99		
	163.06		-3.74		-7.37		
	163.17		-3.26		-6.31		
	163.27		-3.27		-3.02		
	163.38		-3.83		-1.04		
	163.48		-5.31		1.19		
	163.61		-6.62		2.27		
	163.70		-7.45		2.78		
	163.83		-8.64		3.30		
	163.95		-8.92		3.33		
	164.02		-9.13		3.19		
	164.09		-9.38		3.21		
	164.25		-9.75		3.09		
	164.38		-9.78		2.67		
	164.52		-9.76		2.20		
	164.53		-9.76		2.20		
	164.61		-9.79		2.00		
	164.75		-9.73		2.08		
	164.86		-9.43		1.85		
	164.94		-9.32		1.35		
	165.03		-9.28		1.41		
	165.14		-9.47		1.82		
	165.25		-9.66		2.49		
	165.42		-9.66		2.55		
	165.61		-9.53		2.02		
	165.63		-9.53		2.02		
	165.70		-9.52		1.78		
	165.78		-9.57		2.38		
	165.94		-9.63		2.36		
	166.03		-9.75		2.46		
	166.13		-9.71		2.29		
	166.22		-9.67		2.25		
	166.23		-9.55		2.24		
	166.31		-9.70		2.09		
	166.44		-9.45		1.52		
	166.56		-9.15		0.72		
	166.66		-9.09		0.52		
	166.78		-8.84		0.27		
	166.86		-8.74		0.27		
	166.95		-8.70		0.12		
	167.08		-8.57		0.17		
	167.17		-8.60		0.10		
	167.28		-8.92		-0.13		
	167.42		-9.75		-0.08		
	167.55		-10.32		0.04		
	167.64		-10.40		-0.15		
	167.73		-10.70		-0.70		
	167.83		-11.64		-1.15		
	167.94		-11.85		-1.07		
	168.03		-11.67		-1.02		
	168.14		-11.31		-1.04		
	168.23		-11.27		-0.67		
	168.34		-11.26		0.49		
	168.44		-11.36		1.31		
	168.58		-11.15		2.48		
	168.70		-10.58		3.63		
	168.91		-9.40		3.47		
	169.02		-8.85		3.44		
	169.11		-8.16		3.87		
	169.28		-7.99		4.54		
	169.59		-9.58		5.40		
	169.70		-9.87		5.16		
	169.80		-10.12		4.70		
	169.88		-10.11		4.31		
	169.97		-10.16		4.00		
	170.03		-10.09		3.61		
	170.20		-9.86		3.23		
	170.31		-9.72		3.09		
	170.39		-9.56		2.57		
	170.52		-9.54		2.09		
	170.56		-9.54		2.09		
	170.64		-8.05		-0.16		
	170.72		-7.39		-1.28		
	170.84		-8.03		-1.35		
	170.91		-8.55		-1.14		
	171.00		-9.29		-0.41		
	171.08		-10.24		0.44		
	171.19		-11.13		1.44		
	171.27		-11.88		1.62		
	171.36		-12.18		1.19		
	171.47		-12.48		1.02		
	171.61		-12.47		1.68		
	171.69		-12.57		2.41		
	171.80		-12.43		3.04		
	171.91		-12.11		3.50		
	172.00		-11.69		4.70		
	172.09		-11.20		5.08		
	172.25		-11.50		5.27		
	172.34		-11.49		5.26		
	172.42		-11.60		4.99		
	172.53		-11.62		5.25		
	172.63		-11.64		5.82		
	172.73		-11.79		6.27		
	172.84		-11.55		6.15		
	172.94		-11.28		5.41		
	173.11		-11.33		5.68		
	173.19		-11.22		5.70		
	173.28		-11.00		5.70		
	173.41		-10.83		5.45		
	173.52		-10.79		5.32		
	173.63		-10.77		5.29		
	173.77		-10.97		5.26		
	173.91		-11.14		5.21		
	174.02		-11.27		5.24		
	174.14		-11.35		5.23		
	174.22		-11.51		5.26		
	174.33		-11.64		5.26		
	174.42		-11.93		5.87		
	174.52		-11.49		6.05		
	174.59		-11.39		5.97		
	174.72		-11.46		5.06		
	174.80		-11.20		5.01		
	174.92		-11.27		4.84		
	175.05		-11.07		4.81		
	175.20		-10.92		4.73		
	175.36		-11.01		4.67		
	175.47		-11.16		4.89		
	175.69		-11.52		5.06		
	175.73		-11.67		5.11		
	175.81		-12.19		5.33		
	175.92		-12.38		5.52		
	176.00		-12.58		5.42		
	176.09		-12.38		5.61		
	176.17		-11.89		5.63		
	176.31		-11.38		5.62		
	176.41		-10.84		5.50		
	176.55		-10.93		5.58		
	176.72		-11.10		5.57		
	176.88		-11.43		5.67		
	177.03		-11.56		5.84		
	177.23		-11.72		6.02		
	177.38		-11.55		5.95		
	177.55		-11.79		5.88		
	177.75		-11.70		5.64		
	177.92		-11.68		5.46		
	178.06		-11.73		5.33		
	178.16		-11.70		5.38		
	178.25		-11.96		5.57		
	178.34		-13.37		5.76		
	178.45		-14.69		6.02		
	178.55		-15.01		5.91		
	178.66		-15.00		5.85		
	178.72		-14.34		5.73		
	178.81		-12.48		5.94		
	178.94		-10.52		6.22		
	179.05		-8.45		6.15		
	179.17		-5.61		5.90		
	179.27		-2.68		5.76		
	179.41		-0.30		5.81		
	179.50		0.34		6.01		
	179.61		1.48		4.04		
	179.72		1.81		3.06		
	179.81		3.84		1.86		
	179.98		7.37		-0.04		
	180.09		8.79		-1.12		
	180.19		10.25		-2.37		
	180.25		11.57		-4.13		
	180.36		11.85		-4.58		
	180.45		11.91		-4.79		
	180.56		11.40		-4.39		
	180.67		11.28		-4.12		
	180.78		11.07		-3.88		
	180.88		10.70		-3.52		
	180.98		10.19		-3.68		
	181.09		10.88		-3.88		
	181.20		11.61		-3.60		
	181.30		11.85		-3.42		
	181.41		11.68		-2.68		
	181.53		11.08		-2.30		
	181.63		10.14		-2.19		
	181.72		9.91		-2.22		
	181.80		9.29		-1.93		
	181.92		8.88		-1.54		
	182.05		9.04		-1.44		
	182.17		9.38		-1.64		
	182.27		9.77		-2.12		
	182.36		10.15		-2.23		
	182.47		10.63		-2.09		
	182.56		11.00		-1.62		
	182.64		11.37		-1.32		
	182.77		11.05		-1.43		
	182.86		9.97		-1.91		
	182.95		9.73		-2.13		
	183.06		9.28		-2.28		
	183.13		9.16		-2.01		
	183.23		9.26		-2.03		
	183.33		9.15		-1.99		
	183.41		9.46		-1.90		
	183.50		9.67		-1.84		
	183.61		9.87		-1.71		
	183.72		9.95		-1.61		
	183.80		10.05		-1.21		
	183.89		10.18		-0.98		
	183.97		10.37		-0.97		
	184.08		10.27		-1.58		
	184.19		10.13		-1.91		
	184.31		10.13		-2.10		
	184.42		10.03		-2.00		
	184.53		9.62		-2.56		
	184.61		9.44		-3.65		
	184.70		8.86		-3.48		
	184.81		8.27		-3.61		
	184.94		8.00		-3.66		
	185.02		8.48		-2.70		
	185.09		8.85		-2.18		
	185.20		8.12		-2.49		
	185.31		8.19		-2.88		
	185.41		7.80		-3.08		
	185.52		7.67		-3.09		
	185.61		7.80		-3.06		
	185.72		7.83		-3.06		
	185.83		7.99		-2.99		
	185.97		7.85		-3.03		
	186.00		7.85		-3.03		
	186.08		7.49		-3.08		
	186.19		7.56		-3.06		
	186.28		7.47		-3.12		
	186.34		7.71		-3.08		
	186.47		8.17		-2.95		
	186.56		8.87		-2.85		
	186.67		9.57		-2.74		
	186.77		10.04		-2.79		
	186.86		10.24		-2.76		
	186.95		10.73		-2.87		
	187.08		11.67		-2.91		
	187.16		12.14		-2.76		
	187.27		12.22		-2.76		
	187.38		12.55		-2.64		
	187.48		12.82		-2.72		
	187.59		12.92		-2.59		
	187.70		12.36		-2.60		
	187.80		12.26		-2.67		
	187.91		12.63		-2.63		
	188.03		12.71		-2.22		
	188.13		13.11		-1.85		
	188.23		13.53		-1.74		
	188.33		12.90		-2.19		
	188.42		12.86		-2.19		
	188.52		13.16		-2.47		
	188.63		13.12		-2.52		
	188.72		12.25		-3.31		
	188.83		11.32		-2.52		
	188.92		12.10		-2.89		
	189.03		12.25		-3.45		
	189.14		12.23		-4.09		
	189.25		11.86		-4.25		
	189.36		11.82		-4.26		
	189.44		11.11		-4.01		
	189.55		10.84		-3.76		
	189.67		10.44		-3.85		
	189.75		10.14		-3.97		
	189.89		9.69		-4.17		
	189.97		9.44		-4.27		
	190.13		8.83		-4.39		
	190.23		8.04		-4.82		
	190.33		7.69		-5.29		
	190.44		7.50		-5.34		
	190.55		7.33		-5.26		
	190.66		7.66		-5.03		
	190.73		7.87		-4.74		
	190.84		7.96		-4.62		
	190.97		8.19		-4.46		
	191.09		8.17		-4.50		
	191.27		8.21		-4.35		
	191.42		8.36		-4.29		
	191.56		8.47		-4.11		
	191.70		8.74		-3.92		
	191.84		8.98		-3.92		
	192.03		9.19		-3.96		
	192.20		9.45		-4.03		
	192.31		9.84		-3.93		
	192.39		9.84		-3.93		
	192.47		9.92		-4.09		
	192.59		10.02		-4.11		
	192.69		9.99		-4.17		
	192.80		9.97		-4.29		
	192.89		10.02		-4.40		
	193.02		9.37		-4.65		
	193.09		8.54		-4.99		
	193.20		9.53		-5.16		
	193.28		11.98		-4.54		
	193.42		14.28		-3.64		
	193.48		14.17		-3.07		
	193.59		14.26		-2.86		
	193.70		14.70		-3.10		
	193.83		15.03		-2.76		
	193.92		15.05		-2.76		
	194.00		15.07		-3.00		
	194.09		14.85		-3.00		
	194.22		14.87		-2.98		
	194.31		5.88		-2.04		
	194.42		0.46		-1.45		
	194.52		-13.87		-1.25		
	194.66		-18.22		-1.33		
	194.78		-18.21		-1.21		
	194.86		-17.83		-0.84		
	194.98		-17.81		-0.46		
	195.09		-18.01		-0.34		
	195.20		-18.14		-0.57		
	195.31		-19.27		-2.06		
	195.41		-20.12		-2.04		
	195.48		-20.49		-2.53		
	195.59		-20.61		-2.85		
	195.67		-20.24		-2.40		
	195.80		-19.46		-1.32		
	195.91		-18.85		-0.79		
	195.98		-19.32		-0.88		
	196.11		-19.69		-0.91		
	196.23		-19.88		-0.81		
	196.36		-19.72		-0.42		
	196.45		-19.76		-0.26		
	196.53		-20.25		-0.79		
	196.63		-20.47		-1.11		
	196.72		-20.98		-1.19		
	196.81		-20.78		-0.88		
	196.91		-20.78		-0.79		
	197.03		-20.38		-0.59		
	197.11		-20.04		-1.42		
	197.17		-18.73		-1.98		
	197.30		-18.12		-1.40		
	197.41		-17.74		0.46		
	197.53		-18.24		1.47		
	197.59		-18.88		1.95		
	197.70		-19.36		2.49		
	197.81		-19.39		3.01		
	197.95		-19.27		2.75		
	198.03		-18.92		1.59		
	198.13		-16.19		1.25		
	198.25		-9.65		0.70		
	198.36		-7.54		0.61		
	198.44		-3.41		0.59		
	198.56		-0.83		1.41		
	198.66		0.87		0.81		
	198.77		0.67		0.53		
	198.89		0.15		0.86		
	199.02		-1.23		0.61		
	199.11		-2.56		0.21		
	199.19		-5.28		-0.75		
	199.27		-4.86		-1.28		
	199.42		-4.73		-0.42		
	199.53		-4.98		0.33		
	199.66		-5.35		0.81		
	199.78		-5.24		0.99		
	199.89		-4.85		0.61		
	199.97		-4.70		0.60		
	200.05		-8.24		0.09		
	200.16		-12.19		-1.02		
	200.31		-16.80		-2.53		
	200.34		-17.07		-2.55		
	200.42		-16.99		-2.39		
	200.58		-5.55		-1.69		
	200.70		6.90		-1.02		
	200.81		11.26		-0.99		
	200.94		11.47		-1.47		
	201.05		11.18		-1.78		
	201.13		9.53		-2.36		
	201.22		7.47		-3.07		
	201.30		5.40		-3.50		
	201.39		2.95		-3.39		
	201.48		-5.00		-3.75		
	201.58		-11.49		-4.71		
	201.67		-16.31		-5.91		
	201.77		-15.63		-5.88		
	201.89		-8.58		-5.52		
	201.98		-12.24		-5.62		
	202.08		-13.77		-5.78		
	202.19		-15.53		-5.96		
	202.30		-16.90		-6.12		
	202.42		-17.45		-5.90		
	202.50		-17.61		-5.63		
	202.59		-17.57		-5.45		
	202.69		-16.88		-4.91		
	202.83		-16.50		-4.21		
	202.94		-15.82		-4.03		
	203.03		-15.72		-3.52		
	203.14		-15.79		-3.32		
	203.25		-15.63		-3.27		
	203.36		-16.72		-4.00		
	203.47		-17.06		-3.81		
	203.58		-16.98		-2.83		
	203.69		-17.18		-1.55		
	203.78		-17.00		-0.73		
	203.91		-17.10		-0.65		
	203.98		-17.26		0.17		
	204.09		-17.56		0.33		
	204.20		-17.37		0.27		
	204.31		-17.37		0.09		
	204.41		-17.34		0.08		
	204.53		-17.35		0.05		
	204.66		-17.80		-0.74		
	204.75		-17.75		-0.61		
	204.84		-17.48		-0.11		
	204.95		-16.83		0.26		
	205.05		-15.47		0.66		
	205.23		-14.76		0.90		
