	 time 		 X 		 Y

	212.64		-0.83		-4.34		
	212.69		-0.68		-4.31		
	212.78		-0.34		-4.34		
	212.89		0.03		-4.32		
	213.02		0.13		-4.21		
	213.09		-0.07		-4.16		
	213.19		-0.19		-4.14		
	213.31		-0.18		-3.96		
	213.42		-0.31		-3.76		
	213.53		-0.42		-3.72		
	213.59		-0.94		-3.66		
	213.70		-0.99		-3.63		
	213.83		-1.11		-3.64		
	213.94		-0.59		-3.61		
	214.03		2.06		-2.93		
	214.16		2.35		-2.27		
	214.27		2.24		-2.35		
	214.38		2.65		-2.67		
	214.50		3.69		-2.33		
	214.58		4.67		-1.84		
	214.69		5.39		-1.51		
	214.80		7.00		-0.98		
	214.94		8.57		-0.68		
	215.03		8.41		-0.75		
	215.13		8.43		-0.86		
	215.20		9.25		-0.56		
	215.30		10.21		0.07		
	215.39		10.88		0.68		
	215.52		10.93		1.09		
	215.61		10.75		1.30		
	215.70		10.29		1.44		
	215.83		10.15		1.53		
	215.94		10.04		1.44		
	216.05		8.99		0.28		
	216.14		7.86		-0.92		
	216.25		7.08		-1.40		
	216.36		6.69		-1.82		
	216.53		6.44		-1.98		
	216.63		6.09		-1.99		
	216.75		5.76		-2.35		
	216.84		5.73		-2.49		
	216.95		6.06		-2.45		
	217.06		6.32		-2.24		
	217.20		6.65		-1.93		
	217.28		6.88		-1.55		
	217.39		7.29		-1.26		
	217.50		7.96		-0.94		
	217.63		8.32		-0.58		
	217.72		8.32		-0.28		
	217.81		7.19		-0.54		
	217.92		6.09		-1.56		
	218.03		8.67		-0.92		
	218.14		11.47		1.02		
	218.23		11.94		2.21		
	218.34		11.35		0.95		
	218.45		12.07		0.63		
	218.56		12.51		0.54		
	218.66		12.57		0.29		
	218.75		12.27		0.01		
	218.83		12.02		-0.01		
	218.98		10.93		-0.70		
	219.11		9.41		-1.80		
	219.20		8.64		-1.92		
	219.28		8.71		-1.46		
	219.38		8.83		-0.99		
	219.48		8.57		-0.91		
	219.58		8.27		-0.68		
	219.69		8.21		-0.34		
	219.80		8.37		-0.09		
	219.91		8.23		-0.02		
	220.00		8.07		0.03		
	220.09		8.49		-0.02		
	220.19		9.37		0.25		
	220.31		9.11		0.52		
	220.41		8.64		0.63		
	220.55		8.20		0.66		
	220.66		7.41		0.41		
	220.73		6.51		-0.16		
	220.83		6.08		-0.91		
	220.94		5.24		-1.89		
	221.03		4.50		-2.84		
	221.11		4.49		-2.97		
	221.23		5.52		-3.05		
	221.31		6.38		-3.05		
	221.42		7.40		-3.28		
	221.53		8.11		-3.21		
	221.66		7.87		-3.20		
	221.73		7.35		-3.26		
	221.83		5.41		-3.87		
	221.94		3.58		-4.38		
	222.06		3.09		-4.54		
	222.17		3.35		-4.31		
	222.27		3.64		-3.82		
	222.38		3.58		-3.43		
	222.48		3.37		-3.09		
	222.59		4.66		-2.61		
	222.67		6.04		-2.17		
	222.78		7.75		-1.45		
	222.89		8.81		-0.96		
	223.03		10.02		-0.85		
	223.13		11.15		-0.70		
	223.20		11.86		-0.58		
	223.33		12.43		-0.64		
	223.39		12.97		-0.48		
	223.48		13.51		0.16		
	223.59		13.65		0.36		
	223.70		13.42		0.08		
	223.80		12.93		-0.18		
	223.91		12.62		-0.42		
	224.00		12.40		-0.76		
	224.09		10.43		-2.22		
	224.19		8.43		-3.47		
	224.31		7.25		-4.13		
	224.39		6.76		-3.99		
	224.48		7.31		-2.93		
	224.58		8.03		-2.18		
	224.66		9.18		-1.60		
	224.77		10.21		-0.91		
	224.86		11.08		-0.22		
	224.97		11.67		0.53		
	225.08		12.04		1.20		
	225.19		10.83		0.49		
	225.25		8.65		-1.22		
	225.38		7.44		-2.06		
	225.45		7.29		-2.13		
	225.58		7.97		-1.86		
	225.67		8.31		-1.85		
	225.78		8.00		-2.28		
	225.91		7.14		-3.16		
	225.98		6.68		-4.32		
	226.09		7.49		-4.35		
	226.23		7.72		-4.32		
	226.42		7.60		-4.52		
	226.58		7.58		-4.65		
	226.77		7.63		-4.72		
	226.91		7.19		-4.83		
	227.06		6.46		-4.94		
	227.25		5.88		-4.83		
	227.39		5.40		-4.70		
	227.53		5.18		-4.78		
	227.59		5.94		-4.56		
	227.72		6.92		-4.30		
	227.86		9.10		-4.38		
	227.95		9.17		-4.59		
	228.06		8.66		-5.18		
	228.16		10.02		-5.60		
	228.27		10.71		-5.58		
	228.34		9.42		-5.01		
	228.45		6.03		-4.60		
	228.52		2.83		-5.50		
	228.63		-1.82		-4.88		
	228.81		-4.04		-4.79		
	228.91		-5.75		-3.66		
	229.00		-6.05		-2.92		
	229.09		-6.63		-1.67		
	229.20		-7.71		0.07		
	229.30		-8.19		0.41		
	229.38		-8.41		0.31		
	229.48		-7.67		-0.23		
	229.61		-6.57		-1.35		
	229.69		-6.31		-1.74		
	229.80		-6.18		-1.75		
	229.91		-6.11		-2.38		
	230.00		-5.81		-2.93		
	230.14		-5.56		-3.23		
	230.22		-5.44		-3.44		
	230.28		-5.12		-3.82		
	230.39		-4.70		-4.16		
	230.50		-4.59		-4.30		
	230.66		-4.50		-4.02		
	230.83		-4.44		-3.84		
	231.00		-4.31		-3.81		
	231.06		-4.22		-3.77		
	231.25		-4.40		-3.68		
	231.38		-4.49		-3.65		
	231.45		-4.62		-3.61		
	231.67		-4.71		-3.68		
	231.77		-4.76		-3.63		
	231.98		-4.75		-3.65		
	232.06		-4.67		-3.69		
	232.27		-4.70		-3.84		
	232.44		-4.55		-4.59		
	232.59		-4.40		-5.18		
	232.72		-4.39		-4.99		
	232.84		-4.40		-4.58		
	233.11		-4.38		-4.16		
	233.23		-4.35		-4.25		
	233.33		-4.17		-4.69		
	233.44		-3.99		-5.05		
	233.55		-4.03		-5.31		
	233.64		-4.03		-5.35		
	233.78		-4.20		-5.16		
	233.84		-4.25		-5.06		
	234.03		-4.34		-4.84		
	234.55		-4.35		-4.31		
	234.70		-4.25		-4.39		
	234.84		-4.16		-4.58		
	234.95		-3.87		-4.92		
	235.11		-3.75		-5.14		
	235.19		-3.69		-5.29		
	235.31		-3.79		-5.28		
	235.53		-4.05		-4.78		
	235.64		-4.21		-4.66		
	235.72		-4.34		-4.49		
	235.86		-4.51		-4.15		
	236.11		-4.61		-3.15		
	236.27		-4.59		-2.95		
	236.45		-4.71		-3.02		
	236.61		-4.64		-3.21		
	236.80		-4.37		-3.49		
	236.88		-4.24		-3.47		
	236.94		-3.99		-3.35		
	237.03		-3.86		-3.31		
	237.16		-3.75		-3.35		
	237.33		-3.41		-3.58		
	237.48		-3.59		-3.39		
	237.69		-4.64		-1.35		
	237.84		-5.17		0.14		
	238.03		-5.13		0.70		
	238.19		-4.87		0.25		
	238.36		-4.91		-0.90		
	238.52		-4.91		-2.07		
	238.70		-4.43		-3.06		
	238.84		-4.32		-3.34		
	238.98		-1.84		-4.84		
	239.13		-1.22		-4.88		
	239.31		-1.03		-4.29		
	239.44		-1.37		-4.04		
	239.59		-2.08		-3.70		
	239.78		-3.17		-3.42		
	239.94		-4.09		-3.25		
	240.06		-4.96		-3.02		
	240.25		-5.35		-2.97		
	240.39		-5.38		-3.18		
	240.56		-5.23		-3.27		
	240.72		-5.06		-3.29		
	240.84		-5.20		-3.37		
	240.94		-5.87		-3.30		
	241.03		-6.67		-3.32		
	241.16		-7.34		-3.06		
	241.25		-8.07		-2.69		
	241.34		-8.05		-2.92		
	241.45		-7.77		-3.46		
	241.56		-7.32		-3.61		
	241.70		-6.69		-3.64		
	241.77		-6.52		-3.71		
	241.88		-6.57		-3.68		
	242.00		-6.92		-3.49		
	242.13		-7.10		-3.54		
	242.20		-7.27		-3.63		
	242.31		-7.30		-3.67		
	242.41		-7.24		-3.88		
	242.55		-7.08		-3.99		
	242.63		-7.04		-3.97		
	242.73		-6.78		-4.04		
	242.83		-6.38		-4.16		
	242.92		-6.17		-4.50		
	243.02		-6.87		-4.40		
	243.13		-8.07		-3.40		
	243.23		-8.99		-2.88		
	243.33		-9.31		-2.84		
	243.42		-9.25		-3.10		
	243.53		-9.02		-3.41		
	243.63		-8.23		-3.88		
	243.75		-7.19		-4.52		
	243.83		-5.97		-5.01		
	243.94		-5.07		-5.30		
	244.02		-4.64		-5.70		
	244.16		-4.83		-5.67		
	244.27		-5.07		-5.37		
	244.39		-4.88		-5.20		
	244.48		-4.93		-5.36		
	244.59		-5.03		-5.26		
	244.72		-4.75		-5.05		
	244.83		-4.58		-5.15		
	244.91		-4.52		-5.38		
	244.98		-4.47		-5.46		
	245.11		-4.14		-5.29		
	245.22		-4.49		-5.33		
	245.30		-4.96		-5.33		
	245.38		-5.25		-5.22		
	245.48		-5.36		-5.07		
	245.58		-5.97		-5.02		
	245.72		-6.73		-4.82		
	245.80		-6.62		-4.77		
	245.89		-6.63		-4.81		
	245.98		-6.65		-4.84		
	246.11		-6.64		-4.82		
	246.20		-6.39		-4.66		
	246.33		-6.46		-4.40		
	246.44		-7.14		-3.77		
	246.53		-7.78		-3.22		
	246.63		-8.59		-2.34		
	246.73		-9.14		-1.46		
	246.84		-9.58		-0.97		
	246.92		-9.70		-0.83		
	247.02		-9.41		-1.06		
	247.11		-9.08		-1.34		
	247.22		-8.82		-1.82		
	247.30		-8.70		-2.24		
	247.42		-8.36		-2.53		
	247.52		-7.85		-2.54		
	247.63		-7.54		-2.83		
	247.75		-7.52		-3.34		
	247.83		-7.69		-3.52		
	247.92		-7.80		-3.77		
	248.00		-8.03		-4.50		
	248.11		-7.90		-5.42		
	248.20		-7.56		-5.72		
	248.31		-7.69		-5.51		
	248.42		-7.62		-5.02		
	248.53		-7.11		-4.81		
	248.63		-6.54		-4.87		
	248.72		-7.19		-4.78		
	248.84		-7.80		-4.40		
	248.95		-7.96		-4.30		
	249.06		-8.85		-4.46		
	249.20		-10.22		-3.97		
	249.33		-10.85		-2.88		
	249.42		-11.23		-1.81		
	249.53		-11.44		-1.14		
	249.63		-11.12		-1.02		
	249.73		-10.40		-1.85		
	249.84		-10.70		-1.00		
	249.94		-11.02		0.40		
	250.05		-11.30		1.25		
	250.13		-11.54		1.89		
	250.23		-11.99		2.42		
	250.36		-12.28		2.62		
	250.44		-12.07		2.06		
	250.58		-9.84		-1.23		
	250.69		-9.84		-1.23		
	250.81		-8.40		-2.76		
	250.89		-7.63		-3.29		
	250.97		-7.23		-3.94		
	251.08		-7.23		-4.34		
	251.19		-7.71		-4.38		
	251.27		-7.44		-4.59		
	251.36		-6.46		-4.66		
	251.45		-6.07		-4.67		
	251.58		-5.83		-4.58		
	251.66		-5.46		-4.54		
	251.77		-4.97		-4.62		
	251.89		-4.43		-4.73		
	252.00		-3.81		-5.07		
	252.13		-3.47		-5.35		
	252.20		-3.23		-5.42		
	252.31		-3.00		-5.38		
	252.48		-2.90		-5.10		
	252.66		-3.26		-5.18		
	252.81		-3.63		-5.23		
	253.00		-4.19		-5.11		
	253.16		-4.51		-4.99		
	253.31		-5.51		-4.81		
	253.47		-6.35		-4.77		
	253.63		-6.87		-4.70		
	253.77		-7.15		-4.63		
	253.84		-7.49		-4.48		
	254.03		-9.02		-4.14		
	254.11		-10.57		-4.70		
	254.25		-11.68		-5.66		
	254.33		-10.65		-5.97		
	254.42		-8.79		-5.57		
	254.55		-4.93		-5.57		
	254.66		-2.49		-5.71		
	254.78		1.54		-6.12		
	254.91		5.90		-5.43		
	255.02		8.13		-4.14		
	255.09		9.20		-3.23		
	255.20		10.29		-2.90		
	255.33		10.83		-2.87		
	255.42		11.69		-3.21		
	255.53		11.85		-3.31		
	255.63		11.86		-3.09		
	255.73		11.93		-2.48		
	255.84		11.98		-1.89		
	255.94		11.87		-1.63		
	256.06		11.34		-1.85		
	256.20		9.31		-2.83		
	256.30		7.33		-3.60		
	256.41		6.72		-3.78		
	256.52		6.47		-3.70		
	256.63		6.65		-3.37		
	256.72		6.90		-2.83		
	256.88		7.08		-2.45		
	256.95		7.00		-2.41		
	257.11		7.00		-2.39		
	257.19		6.96		-2.31		
	257.44		7.35		-2.33		
	257.52		7.59		-2.30		
	257.75		7.98		-2.33		
	257.84		8.04		-2.36		
	258.08		7.97		-2.52		
	258.22		7.89		-2.63		
	258.34		8.00		-2.66		
	258.41		7.84		-2.70		
	258.52		7.89		-2.76		
	258.61		7.85		-2.80		
	258.70		7.86		-2.87		
	258.81		7.76		-2.89		
	258.98		7.53		-3.15		
	259.13		7.50		-3.21		
	259.20		7.25		-3.56		
	259.31		7.11		-3.79		
	259.42		7.54		-3.63		
	259.55		8.57		-2.31		
	259.66		9.35		-0.76		
	259.72		9.21		-0.49		
	259.84		7.49		-2.27		
	259.97		6.23		-3.85		
	260.02		6.23		-3.85		
	260.13		5.97		-4.06		
	260.22		5.79		-4.15		
	260.31		5.88		-4.12		
	260.41		6.39		-3.61		
	260.52		6.66		-3.35		
	260.63		6.82		-3.45		
	260.72		7.04		-3.36		
	260.83		7.27		-3.29		
	260.92		7.30		-3.23		
	261.02		7.25		-3.16		
	261.11		7.46		-3.10		
	261.20		7.80		-2.90		
	261.34		7.89		-2.81		
	261.44		7.81		-2.80		
	261.55		7.78		-2.78		
	261.66		7.68		-2.79		
	261.89		7.58		-2.89		
	262.06		7.50		-2.93		
	262.50		7.59		-2.83		
	262.69		7.62		-2.78		
	262.78		7.55		-2.79		
	263.02		7.59		-2.80		
	263.16		7.51		-2.77		
	263.38		7.43		-2.67		
	263.53		7.12		-2.69		
	263.63		7.05		-2.67		
	263.69		7.05		-2.66		
	263.98		7.07		-2.68		
	264.09		7.09		-2.67		
	264.17		7.09		-2.69		
	264.45		7.14		-2.79		
	264.66		7.20		-2.82		
	264.83		7.43		-2.73		
	264.92		7.64		-2.78		
	265.06		7.63		-2.72		
	265.22		7.75		-2.75		
	265.38		7.41		-2.79		
	265.47		7.16		-3.01		
	265.63		6.53		-3.79		
	265.69		6.04		-4.94		
	265.80		6.22		-5.93		
	265.91		6.73		-5.68		
	266.02		7.28		-4.41		
	266.13		7.64		-4.14		
	266.22		7.96		-3.74		
	266.31		8.13		-3.66		
	266.39		8.20		-3.70		
	266.50		8.45		-3.33		
	266.61		8.49		-3.24		
	266.69		8.18		-3.47		
	266.77		7.93		-3.67		
	266.88		7.91		-3.64		
	267.00		7.88		-3.51		
	267.11		7.97		-3.32		
	267.20		8.03		-3.28		
	267.30		8.11		-3.24		
	267.39		8.16		-3.22		
	267.48		8.25		-3.19		
	267.59		8.10		-3.16		
	267.70		8.07		-3.29		
	267.81		8.09		-3.24		
	267.92		8.08		-3.24		
	268.03		8.03		-3.23		
	268.14		7.99		-3.29		
	268.25		7.95		-3.30		
	268.34		7.99		-3.27		
	268.44		8.15		-3.26		
	268.50		8.05		-3.26		
	268.59		8.11		-3.19		
	268.69		8.02		-3.23		
	268.80		8.03		-3.26		
	268.91		7.97		-3.33		
	269.02		7.74		-3.52		
	269.13		7.32		-3.82		
	269.20		7.14		-3.99		
	269.36		7.60		-3.91		
	269.59		7.91		-4.04		
	269.81		8.14		-4.30		
	269.97		8.34		-4.29		
	270.14		8.58		-4.08		
	270.33		8.71		-3.99		
	270.53		8.77		-3.91		
	270.69		8.68		-3.83		
	270.80		8.87		-3.77		
	270.89		8.86		-3.71		
	271.00		9.05		-3.66		
	271.11		10.04		-3.82		
	271.22		10.24		-4.01		
	271.31		10.42		-4.00		
	271.42		10.67		-4.14		
	271.52		10.67		-3.99		
	271.61		10.01		-4.19		
	271.72		7.28		-4.11		
	271.83		3.69		-4.02		
	271.91		0.48		-3.40		
	272.00		-1.37		-3.76		
	272.08		-1.42		-3.58		
	272.20		0.17		-3.04		
	272.27		1.07		-3.13		
	272.39		0.72		-2.95		
	272.50		-1.20		-2.96		
	272.61		-2.30		-3.12		
	272.72		-4.08		-3.62		
	272.83		-5.54		-4.08		
	272.94		-6.69		-4.37		
	273.03		-7.72		-4.61		
	273.16		-8.82		-4.18		
	273.23		-9.68		-3.72		
	273.34		-10.33		-3.57		
	273.48		-10.54		-3.73		
	273.59		-10.38		-4.50		
	273.69		-10.02		-5.06		
	273.78		-9.78		-5.06		
	273.88		-9.45		-4.74		
	274.02		-9.58		-4.17		
	274.11		-9.76		-3.62		
	274.22		-9.93		-3.34		
	274.34		-10.10		-3.42		
	274.44		-9.83		-3.61		
	274.55		-9.65		-3.86		
	274.63		-9.56		-4.20		
	274.75		-9.43		-4.27		
	274.86		-9.27		-4.49		
	274.98		-9.49		-4.32		
	275.06		-9.85		-3.99		
	275.17		-10.12		-3.85		
	275.27		-10.22		-3.61		
	275.36		-10.19		-3.43		
	275.44		-10.41		-3.29		
	275.56		-10.40		-3.25		
	275.70		-10.70		-3.34		
	275.81		-10.44		-3.59		
	275.91		-9.66		-3.84		
	276.00		-8.82		-4.04		
	276.11		-8.03		-4.38		
	276.20		-7.80		-4.48		
	276.30		-7.55		-4.65		
	276.42		-7.55		-5.10		
	276.52		-7.72		-5.43		
	276.63		-8.64		-4.56		
	276.73		-9.13		-4.10		
	276.84		-9.80		-3.63		
	276.95		-10.58		-3.04		
	277.06		-11.14		-2.54		
	277.17		-12.04		-1.32		
	277.38		-11.90		-1.11		
	277.77		-11.21		-1.80		
	277.83		-10.79		-2.53		
	277.97		-10.48		-3.41		
	278.03		-10.48		-3.49		
	278.11		-10.69		-3.63		
	278.23		-10.47		-4.36		
	278.33		-10.22		-4.84		
	278.48		-10.68		-4.99		
	278.59		-10.88		-4.94		
	278.67		-10.92		-5.05		
	278.77		-10.40		-5.14		
	278.86		-10.47		-5.23		
	278.95		-10.52		-5.22		
	279.06		-10.37		-5.10		
	279.17		-10.06		-4.66		
	279.28		-9.57		-4.45		
	279.36		-8.90		-4.48		
	279.45		-8.47		-4.48		
	279.55		-8.39		-4.58		
	279.67		-8.85		-4.21		
	279.75		-9.44		-3.50		
	279.86		-9.43		-2.80		
	280.05		-9.58		-1.87		
	280.06		-9.68		-2.03		
	280.27		-10.94		-3.01		
	280.31		-10.94		-3.01		
	280.38		-12.00		-3.44		
	280.48		-13.81		-3.84		
	280.58		-14.40		-3.40		
	280.69		-14.77		-2.91		
	280.81		-14.96		-2.68		
	280.92		-14.47		-2.90		
	281.06		-13.68		-3.63		
	281.20		-12.89		-3.87		
	281.30		-12.52		-4.17		
	281.41		-12.66		-4.29		
	281.53		-12.70		-4.07		
	281.66		-12.48		-4.10		
	281.78		-11.70		-5.12		
	281.88		-11.55		-5.50		
	281.98		-11.90		-4.11		
	282.08		-12.02		-2.26		
	282.23		-12.18		-0.97		
	282.34		-12.34		-0.27		
	282.47		-12.58		0.39		
	282.58		-12.61		0.56		
	282.77		-12.24		0.44		
	282.86		-11.48		0.07		
	282.94		-10.78		-0.31		
	283.06		-9.79		-0.75		
	283.23		-8.61		-1.65		
	283.33		-8.39		-1.86		
	283.39		-8.65		-1.92		
	283.78		-9.25		-1.97		
	283.89		-9.38		-2.03		
	284.03		-9.48		-2.50		
	284.11		-9.55		-2.62		
	284.28		-9.81		-2.53		
	284.48		-9.98		-2.25		
	284.58		-10.01		-2.14		
	284.69		-9.81		-2.01		
	284.80		-9.69		-1.89		
	284.94		-9.61		-1.13		
	285.11		-10.30		0.34		
	285.28		-11.07		1.44		
	285.39		-11.16		1.65		
