	 time 		 X 		 Y

	57.88		-0.60		-2.75		
	58.03		-0.60		-2.87		
	58.14		-0.55		-2.87		
	58.23		-0.58		-2.86		
	58.33		-0.54		-2.90		
	58.44		-0.59		-2.85		
	58.58		-0.82		-3.41		
	58.67		-0.83		-3.70		
	58.80		-2.25		-3.70		
	58.91		-3.42		-3.66		
	59.03		-2.47		-3.71		
	59.13		-1.00		-3.77		
	59.25		-0.02		-3.17		
	59.36		2.46		-1.76		
	59.45		2.96		-0.73		
	59.56		3.64		0.44		
	59.69		4.73		1.18		
	59.78		4.82		0.77		
	59.91		4.84		0.52		
	60.03		5.95		0.69		
	60.17		9.79		1.20		
	60.30		11.14		2.68		
	60.42		10.63		3.56		
	60.55		10.24		4.42		
	60.66		9.38		5.44		
	60.77		9.06		6.05		
	60.88		8.77		5.93		
	60.98		8.45		5.74		
	61.08		7.46		5.37		
	61.17		6.02		4.46		
	61.28		5.68		3.60		
	61.41		5.82		2.93		
	61.52		6.40		2.62		
	61.69		7.29		2.80		
	61.81		8.60		2.86		
	61.94		9.08		2.56		
	62.02		9.25		2.63		
	62.09		8.47		2.45		
	62.20		7.72		2.27		
	62.38		7.56		1.89		
	62.44		7.14		1.45		
	62.55		6.41		-0.13		
	62.64		6.68		-0.95		
	62.77		8.52		0.05		
	62.88		10.45		1.88		
	63.00		11.29		3.24		
	63.13		10.76		3.73		
	63.23		10.07		4.00		
	63.34		9.75		4.19		
	63.45		9.02		3.90		
	63.55		7.82		2.95		
	63.63		6.92		1.74		
	63.75		6.82		1.04		
	63.88		8.26		1.24		
	63.98		9.54		1.89		
	64.09		10.36		2.65		
	64.20		10.90		3.45		
	64.31		11.20		4.05		
	64.41		11.35		4.34		
	64.52		10.80		4.18		
	64.64		10.16		3.94		
	64.72		9.27		3.64		
	64.86		8.77		3.25		
	64.97		8.24		2.81		
	65.08		7.53		1.61		
	65.19		7.20		0.49		
	65.31		7.21		0.41		
	65.42		8.00		0.20		
	65.52		8.76		0.46		
	65.63		9.23		0.67		
	65.75		9.33		0.91		
	65.89		8.83		1.35		
	65.97		8.57		1.36		
	66.09		8.28		1.16		
	66.19		7.93		0.60		
	66.28		6.68		-1.43		
	66.36		5.67		-2.57		
	66.45		5.33		-3.32		
	66.55		4.44		-3.60		
	66.64		3.82		-3.64		
	66.75		3.28		-3.71		
	66.86		2.56		-4.07		
	66.95		2.34		-4.71		
	67.03		2.47		-4.93		
	67.13		3.00		-4.75		
	67.23		3.93		-4.42		
	67.33		4.88		-4.06		
	67.39		5.39		-3.57		
	67.52		5.60		-3.30		
	67.61		5.59		-3.29		
	67.72		5.31		-3.47		
	67.81		5.15		-3.68		
	67.91		5.68		-3.49		
	68.00		6.10		-3.16		
	68.09		6.30		-2.71		
	68.20		6.29		-2.27		
	68.30		6.21		-2.13		
	68.41		6.61		-2.26		
	68.52		7.31		-2.05		
	68.63		8.08		-1.44		
	68.73		8.69		-1.12		
	68.83		9.71		-0.65		
	68.94		11.40		0.43		
	69.05		11.12		0.34		
	69.16		9.27		-1.11		
	69.28		6.30		-2.78		
	69.38		4.62		-3.60		
	69.45		3.38		-4.22		
	69.56		3.22		-4.49		
	69.67		3.41		-4.54		
	69.80		4.15		-4.01		
	69.91		4.80		-3.39		
	70.03		6.07		-2.26		
	70.13		6.44		-2.33		
	70.23		6.84		-2.53		
	70.34		7.04		-2.81		
	70.44		7.41		-3.52		
	70.55		7.59		-3.89		
	70.66		7.90		-4.65		
	70.75		7.90		-4.73		
	70.86		8.77		-3.75		
	70.98		9.00		-2.63		
	71.06		9.36		-1.87		
	71.16		9.19		-1.41		
	71.28		8.18		-0.64		
	71.39		8.95		0.86		
	71.69		11.44		6.30		
	71.88		11.55		7.22		
	72.09		11.17		6.97		
	72.23		10.80		6.62		
	72.42		10.48		6.61		
	72.58		10.01		6.49		
	72.72		9.69		6.20		
	72.86		9.29		5.84		
	72.97		8.97		5.39		
	73.06		9.80		5.75		
	73.14		11.21		6.70		
	73.23		11.75		7.17		
	73.34		12.31		7.10		
	73.45		12.32		6.48		
	73.56		11.85		4.84		
	73.66		10.30		1.88		
	73.77		8.84		-1.17		
	73.86		7.09		-2.66		
	73.95		4.33		-2.91		
	74.06		1.31		-2.36		
	74.14		-1.81		-1.64		
	74.27		-4.34		-1.41		
	74.39		-6.82		-1.81		
	74.47		-8.16		-1.39		
	74.58		-9.84		-0.30		
	74.69		-10.23		-0.18		
	74.80		-9.95		-0.75		
	74.89		-9.11		-1.82		
	75.00		-7.61		-3.89		
	75.13		-7.06		-4.77		
	75.23		-6.81		-4.87		
	75.33		-6.84		-4.16		
	75.44		-7.00		-2.79		
	75.50		-7.51		-0.82		
	75.61		-8.03		0.05		
	75.72		-8.32		0.02		
	75.84		-7.99		-0.33		
	75.95		-6.99		-2.45		
	76.05		-6.30		-3.72		
	76.16		-5.49		-4.11		
	76.30		-5.25		-3.64		
	76.38		-5.13		-2.58		
	76.47		-5.37		-1.96		
	76.55		-6.08		-1.37		
	76.64		-6.52		-1.05		
	76.73		-6.78		-1.20		
	76.84		-6.52		-2.20		
	76.95		-6.07		-3.09		
	77.08		-5.63		-3.97		
	77.17		-4.68		-5.08		
	77.30		-3.32		-5.89		
	77.47		-2.08		-6.27		
	77.55		-1.85		-6.40		
	77.73		-1.80		-6.63		
	77.84		-2.13		-6.55		
	77.94		-2.11		-6.68		
	78.03		-2.20		-6.58		
	78.20		-2.59		-6.09		
	78.44		-2.84		-5.30		
	78.55		-3.00		-4.87		
	78.70		-3.42		-4.04		
	78.72		-3.67		-3.85		
	78.80		-4.17		-2.79		
	78.91		-4.62		-2.19		
	79.00		-4.28		-3.31		
	79.13		-3.90		-4.44		
	79.20		-3.58		-4.16		
	79.31		-3.63		-3.28		
	79.42		-3.57		-2.48		
	79.52		-3.70		-1.78		
	79.59		-3.70		-1.79		
	79.69		-3.23		-2.63		
	79.80		-2.58		-3.89		
	79.89		-2.25		-4.16		
	79.98		-2.43		-4.17		
	80.09		-2.83		-4.44		
	80.20		-3.29		-4.61		
	80.30		-3.52		-4.51		
	80.45		-3.55		-4.56		
	80.56		-3.26		-5.07		
	80.69		-3.24		-5.62		
	80.80		-3.26		-5.73		
	80.88		-3.36		-5.83		
	80.97		-3.56		-5.77		
	81.03		-3.71		-5.67		
	81.17		-3.68		-5.29		
	81.27		-3.73		-5.13		
	81.39		-3.77		-5.10		
	81.47		-3.74		-5.04		
	81.59		-3.68		-5.21		
	81.70		-3.75		-5.25		
	81.83		-3.74		-5.27		
	81.94		-3.83		-5.25		
	82.19		-3.64		-5.11		
	82.34		-3.64		-5.03		
	82.45		-3.75		-4.62		
	82.53		-3.81		-4.44		
	82.63		-4.07		-3.83		
	82.70		-3.97		-3.68		
	82.83		-3.83		-4.02		
	82.91		-3.17		-5.93		
	83.06		-2.74		-6.34		
	83.16		-2.99		-5.59		
	83.27		-3.16		-4.57		
	83.36		-3.22		-4.03		
	83.44		-3.43		-3.30		
	83.53		-3.38		-2.93		
	83.64		-3.17		-3.05		
	83.73		-3.09		-3.53		
	83.83		-3.02		-3.78		
	83.92		-3.01		-3.89		
	84.03		-3.01		-3.98		
	84.16		-3.01		-3.84		
	84.23		-2.98		-3.83		
	84.34		-3.03		-4.26		
	84.45		-3.00		-4.89		
	84.61		-3.30		-5.24		
	84.70		-3.34		-5.25		
	84.80		-3.57		-5.37		
	84.88		-3.60		-5.48		
	84.98		-3.70		-5.60		
	85.22		-3.86		-5.77		
	85.30		-3.96		-6.01		
	85.36		-4.00		-6.08		
	85.66		-4.55		-6.02		
	85.70		-4.58		-6.07		
	85.80		-4.60		-6.00		
	85.91		-4.47		-6.02		
	86.02		-3.94		-6.06		
	86.16		-3.73		-6.16		
	86.25		-3.83		-6.10		
	86.48		-3.60		-5.42		
	86.64		-3.55		-3.76		
	86.70		-3.38		-3.38		
	86.78		-3.28		-2.54		
	86.88		-2.81		-2.98		
	86.97		-2.60		-4.77		
	87.11		-2.40		-5.24		
	87.36		-2.57		-4.60		
	87.41		-2.66		-4.47		
	87.48		-3.00		-4.18		
	87.63		-3.20		-3.83		
	87.75		-3.56		-3.58		
	87.81		-3.74		-3.95		
	87.91		-3.61		-4.38		
	88.03		-3.54		-4.80		
	88.20		-3.64		-4.49		
	88.39		-3.83		-4.41		
	88.53		-3.87		-4.41		
	88.69		-4.00		-4.25		
	88.88		-3.99		-3.97		
	89.03		-3.85		-3.96		
	89.28		-3.63		-4.00		
	89.41		-3.76		-3.21		
	89.47		-4.12		-2.20		
	89.56		-5.45		-1.58		
	89.66		-5.53		-2.15		
	89.77		-4.17		-4.18		
	89.88		-2.43		-4.01		
	89.98		-1.29		-3.26		
	90.06		-1.17		-3.05		
	90.17		-2.21		-2.75		
	90.28		-3.40		-2.71		
	90.36		-3.79		-2.55		
	90.47		-4.02		-2.67		
	90.59		-4.17		-2.79		
	90.70		-4.81		-2.73		
	90.83		-5.77		-2.15		
	90.94		-6.64		-1.31		
	91.02		-7.15		-0.99		
	91.13		-7.45		-0.83		
	91.22		-7.29		-0.96		
	91.34		-6.86		-1.12		
	91.41		-6.22		-1.25		
	91.53		-5.74		-1.59		
	91.63		-4.93		-2.40		
	91.72		-4.76		-2.75		
	91.80		-4.65		-3.33		
	91.91		-4.57		-3.84		
	92.00		-4.71		-4.20		
	92.09		-4.49		-4.96		
	92.17		-4.25		-5.29		
	92.27		-4.15		-5.60		
	92.34		-4.22		-5.61		
	92.45		-4.52		-5.41		
	92.56		-5.31		-4.46		
	92.66		-5.81		-3.80		
	92.78		-5.68		-3.63		
	92.89		-5.61		-3.20		
	92.98		-5.31		-3.25		
	93.09		-5.34		-3.49		
	93.22		-5.63		-3.42		
	93.34		-5.74		-3.02		
	93.44		-5.74		-2.64		
	93.52		-6.37		-2.44		
	93.63		-6.80		-2.01		
	93.72		-7.02		-1.50		
	93.84		-6.97		-1.18		
	93.95		-6.93		-1.24		
	94.06		-6.82		-1.55		
	94.16		-6.34		-2.10		
	94.25		-6.14		-2.13		
	94.36		-5.84		-2.08		
	94.44		-5.93		-2.38		
	94.55		-5.70		-3.49		
	94.64		-5.54		-4.24		
	94.75		-5.16		-4.42		
	94.89		-4.24		-4.89		
	94.98		-3.56		-5.08		
	95.09		-3.27		-5.38		
	95.19		-3.42		-5.58		
	95.28		-3.52		-5.49		
	95.39		-4.20		-5.20		
	95.50		-5.89		-5.02		
	95.59		-6.13		-4.75		
	95.72		-6.91		-3.70		
	95.78		-8.01		-2.49		
	95.89		-8.58		-1.94		
	96.00		-8.83		-1.78		
	96.11		-9.30		-1.76		
	96.22		-9.66		-1.27		
	96.34		-9.06		-2.27		
	96.42		-7.68		-5.25		
	96.50		-6.71		-6.64		
	96.61		-5.78		-6.71		
	96.70		-4.86		-6.78		
	96.80		-4.22		-6.52		
	96.91		-4.15		-5.66		
	97.00		-4.80		-5.20		
	97.11		-4.97		-4.83		
	97.22		-4.62		-4.69		
	97.31		-4.11		-4.78		
	97.42		-3.83		-4.88		
	97.53		-3.47		-5.03		
	97.63		-3.36		-5.25		
	97.73		-3.57		-5.41		
	97.80		-4.24		-5.31		
	97.92		-5.43		-5.09		
	98.05		-6.87		-4.81		
	98.13		-7.72		-4.32		
	98.22		-8.85		-3.12		
	98.30		-10.52		-1.54		
	98.39		-12.23		0.14		
	98.47		-12.95		1.29		
	98.56		-13.17		1.59		
	98.66		-12.15		0.48		
	98.77		-9.84		-2.10		
	98.88		-8.71		-2.82		
	98.97		-7.28		-3.16		
	99.08		-5.55		-3.42		
	99.19		-4.10		-4.01		
	99.27		-3.68		-3.76		
	99.36		-4.11		-2.87		
	99.45		-4.31		-2.81		
	99.56		-4.59		-3.15		
	99.67		-4.77		-3.28		
	99.77		-4.87		-3.34		
	99.84		-4.81		-3.46		
	99.98		-4.75		-3.53		
	100.13		-4.47		-3.20		
	100.25		-4.38		-2.89		
	100.34		-4.28		-2.92		
	100.44		-4.11		-3.05		
	100.52		-4.32		-3.09		
	100.64		-4.47		-2.91		
	100.75		-4.56		-2.77		
	100.84		-4.67		-2.95		
	100.95		-4.18		-3.41		
	101.05		-4.07		-3.67		
	101.16		-3.96		-3.89		
	101.25		-4.34		-4.02		
	101.34		-5.15		-3.92		
	101.44		-5.31		-3.11		
	101.52		-5.61		-2.23		
	101.63		-5.96		-2.16		
	101.72		-6.12		-2.23		
	101.83		-5.55		-2.38		
	101.95		-4.99		-2.83		
	102.16		-4.57		-2.87		
	102.30		-4.42		-2.52		
	102.47		-4.67		-2.10		
	102.66		-4.95		-1.67		
	102.80		-5.15		-1.06		
	102.94		-5.32		-0.37		
	103.13		-5.86		0.89		
	103.27		-6.20		1.45		
	103.34		-6.57		1.47		
	103.44		-7.23		1.41		
	103.55		-9.52		0.85		
	103.67		-10.78		0.24		
	103.77		-10.34		-0.72		
	103.88		-8.37		-2.47		
	104.00		-5.25		-3.26		
	104.08		-2.16		-3.28		
	104.17		1.50		-2.94		
	104.28		4.18		-2.59		
	104.41		6.17		-2.18		
	104.52		7.77		-1.24		
	104.64		8.87		-0.58		
	104.73		9.55		0.08		
	104.83		10.18		0.52		
	104.92		10.27		0.93		
	105.02		9.66		1.19		
	105.11		9.14		1.11		
	105.22		7.66		0.25		
	105.33		7.53		-0.17		
	105.42		7.80		-0.29		
	105.53		9.44		0.08		
	105.64		9.89		0.24		
	105.77		9.85		0.44		
	105.88		9.13		0.40		
	105.98		8.04		0.40		
	106.11		7.08		0.18		
	106.23		5.78		-0.55		
	106.41		4.36		-1.40		
	106.50		3.58		-2.40		
	106.56		3.47		-2.63		
	106.64		3.49		-3.21		
	106.75		4.47		-3.15		
	106.84		4.96		-2.90		
	106.95		5.86		-2.14		
	107.05		6.94		-1.44		
	107.16		7.39		-1.21		
	107.23		8.02		-1.17		
	107.34		8.39		-1.00		
	107.45		8.77		-0.62		
	107.58		8.17		-0.93		
	107.66		7.16		-1.47		
	107.77		6.76		-1.79		
	107.86		7.27		-1.73		
	107.95		7.57		-1.71		
	108.06		7.34		-1.87		
	108.16		6.95		-2.15		
	108.28		6.98		-2.76		
	108.39		7.71		-2.76		
	108.48		8.83		-2.49		
	108.61		9.00		-2.05		
	108.72		9.32		-1.43		
	108.83		9.60		-1.16		
	108.92		9.76		-1.12		
	109.03		9.60		-1.39		
	109.14		9.46		-1.66		
	109.27		9.43		-1.73		
	109.34		9.61		-1.56		
	109.44		9.84		-1.36		
	109.55		9.74		-1.25		
	109.66		9.86		-1.04		
	109.73		10.24		-0.82		
	109.84		10.63		-0.66		
	109.97		10.40		-0.83		
	110.06		10.03		-1.19		
	110.17		8.95		-1.77		
	110.27		8.41		-1.86		
	110.36		8.31		-1.93		
	110.44		8.40		-2.02		
	110.56		8.19		-2.07		
	110.66		7.73		-2.15		
	110.73		7.56		-1.98		
	110.89		7.88		-1.75		
	111.00		8.37		-1.69		
	111.11		8.71		-1.92		
	111.20		8.58		-2.19		
	111.31		8.06		-2.33		
	111.41		7.45		-2.17		
	111.52		7.16		-2.09		
	111.58		7.08		-2.13		
	111.70		7.59		-2.15		
	111.80		8.37		-2.09		
	111.88		8.76		-2.16		
	111.95		8.82		-2.46		
	112.09		9.01		-2.94		
	112.16		9.15		-2.82		
	112.28		9.15		-2.77		
	112.38		9.02		-2.74		
	112.47		9.05		-2.66		
	112.56		8.97		-2.83		
	112.66		9.03		-2.81		
	112.78		9.04		-1.97		
	112.86		8.95		-1.04		
	112.95		8.56		-0.51		
	113.05		8.28		-0.75		
	113.16		7.89		-1.08		
	113.27		7.92		-1.04		
	113.38		7.95		-1.26		
	113.45		7.94		-1.59		
	113.58		8.33		-1.91		
	113.66		8.24		-1.96		
	113.75		7.55		-2.24		
	113.84		8.82		-2.21		
	113.94		10.15		-0.87		
	114.05		11.00		-0.33		
	114.16		11.54		-0.88		
	114.25		11.46		-1.98		
	114.33		10.98		-2.99		
	114.44		10.89		-3.65		
	114.50		10.97		-3.74		
	114.61		10.76		-3.79		
	114.70		11.10		-3.64		
	114.83		11.30		-3.14		
	114.91		10.75		-3.08		
	115.02		10.29		-3.15		
	115.09		10.29		-2.69		
	115.22		9.95		-2.76		
	115.33		8.55		-3.05		
	115.42		7.32		-3.27		
	115.56		5.76		-3.05		
	115.66		7.20		-2.99		
	115.77		10.35		-2.01		
	115.88		12.91		0.72		
	115.97		14.14		1.80		
	116.08		15.45		2.76		
	116.22		14.78		2.25		
	116.42		13.19		1.00		
	116.61		13.03		0.98		
	116.75		12.96		1.10		
	116.92		13.37		1.36		
	117.06		14.12		1.99		
	117.22		14.51		2.42		
	117.34		14.68		2.61		
	117.45		15.06		2.47		
	117.55		15.14		2.29		
	117.66		15.13		2.01		
	117.77		15.00		1.19		
	117.91		12.64		-2.03		
	117.98		9.62		-3.46		
	118.09		7.53		-3.70		
	118.17		5.33		-3.84		
	118.30		1.40		-3.76		
	118.38		-2.00		-3.01		
	118.50		-6.95		-0.82		
	118.58		-8.85		0.69		
	118.67		-8.77		0.99		
	118.78		-8.46		1.38		
	118.88		-8.79		1.30		
	118.98		-9.44		1.03		
	119.13		-9.83		0.34		
	119.23		-9.60		-0.07		
	119.33		-9.65		-0.45		
	119.38		-9.69		-0.73		
	119.45		-9.76		-1.14		
	119.50		-9.82		-1.54		
	119.64		-9.98		-2.13		
	119.64		-9.98		-2.13		
	119.70		-10.39		-2.32		
	119.78		-10.60		-2.24		
	119.86		-10.65		-1.55		
	119.97		-9.91		-0.84		
	120.05		-9.92		-0.70		
	120.14		-9.95		-0.51		
	120.33		-10.25		-0.18		
	120.39		-10.23		-0.27		
	120.50		-10.06		-0.33		
	120.61		-9.78		-0.68		
	120.66		-9.64		-1.19		
	120.78		-9.41		-1.81		
	120.83		-9.22		-1.78		
	120.88		-9.22		-1.73		
	120.92		-9.25		-1.55		
	121.06		-9.27		-0.98		
	121.13		-9.25		-0.69		
	121.25		-9.36		-0.50		
	121.30		-9.37		-0.10		
	121.41		-9.65		0.49		
	121.45		-9.72		0.72		
	121.59		-9.99		1.05		
	121.67		-10.08		1.27		
	121.73		-10.00		1.26		
	121.83		-9.93		1.06		
	121.86		-9.76		0.79		
	121.97		-9.44		0.21		
	122.05		-9.16		-0.26		
	122.16		-8.54		-1.85		
	122.20		-8.33		-2.41		
	122.28		-8.52		-2.09		
	122.36		-8.52		-1.64		
	122.44		-8.31		-1.57		
	122.52		-7.77		-1.50		
	122.61		-7.03		-1.60		
	122.70		-6.72		-2.27		
	122.78		-6.54		-2.69		
	122.86		-6.50		-3.09		
	122.94		-6.42		-3.19		
	123.00		-6.49		-3.25		
	123.09		-6.61		-3.20		
	123.23		-6.70		-3.13		
	123.31		-6.64		-3.12		
	123.38		-6.67		-3.13		
	123.47		-6.60		-3.17		
	123.53		-6.49		-3.20		
	123.63		-6.60		-3.20		
	123.69		-7.38		-3.17		
	123.75		-7.63		-2.95		
	123.84		-7.56		-1.98		
	123.91		-7.39		-1.07		
	123.98		-7.55		-0.66		
	124.06		-7.63		-0.51		
	124.17		-7.45		-0.58		
	124.28		-7.13		-0.98		
	124.34		-6.84		-1.47		
	124.41		-6.71		-1.65		
	124.50		-6.82		-1.56		
	124.56		-6.97		-1.19		
	124.67		-7.34		-0.56		
	124.73		-7.41		-0.66		
	124.81		-7.62		-0.63		
	124.89		-7.76		-0.50		
	124.95		-7.93		-0.37		
	125.05		-8.06		-0.19		
	125.13		-8.22		0.10		
	125.20		-8.74		0.40		
	125.30		-9.42		0.74		
	125.41		-10.04		0.79		
	125.50		-10.31		0.70		
	125.61		-10.41		0.67		
	125.67		-10.58		0.50		
	125.72		-10.43		0.47		
	125.83		-10.67		0.44		
	125.89		-10.68		0.32		
	125.97		-10.68		0.25		
	126.06		-10.66		0.10		
	126.14		-10.63		0.05		
	126.20		-10.41		-0.22		
	126.30		-10.21		-0.48		
	126.34		-9.95		-0.58		
	126.42		-10.02		-0.70		
	126.53		-10.12		-0.51		
	126.63		-10.19		-0.22		
	126.69		-10.21		0.19		
	126.78		-10.42		0.46		
	126.80		-10.44		0.39		
	126.97		-10.49		0.35		
	127.45		-10.22		-0.34		
	127.56		-10.17		-0.41		
	127.73		-10.04		-0.33		
	127.88		-10.05		-0.26		
	127.97		-10.20		-0.22		
	128.05		-10.21		-0.22		
	128.20		-10.27		-0.23		
	128.30		-10.23		-0.21		
	128.41		-10.29		-0.22		
	128.45		-10.31		-0.14		
	128.52		-10.26		-0.19		
	128.58		-10.20		-0.23		
	128.64		-10.12		-0.40		
	128.72		-10.15		-0.47		
	128.80		-9.99		-0.63		
	128.91		-10.01		-0.74		
	128.94		-9.93		-0.83		
	129.03		-9.90		-0.90		
	129.09		-9.98		-0.91		
	129.19		-9.98		-0.92		
	129.36		-9.95		-0.93		
	129.52		-9.95		-0.86		
	129.63		-10.20		0.34		
	129.77		-10.29		1.06		
	129.84		-10.27		0.82		
	129.94		-10.06		-0.30		
	129.98		-9.85		-0.89		
	130.05		-9.02		-3.02		
	130.16		-8.90		-3.23		
	130.22		-8.67		-3.39		
	130.30		-8.47		-3.26		
	130.38		-8.52		-3.10		
	130.45		-8.35		-3.13		
	130.55		-8.25		-3.34		
	130.63		-7.94		-3.53		
	130.72		-7.96		-3.51		
	130.80		-7.81		-3.61		
	130.86		-7.80		-3.68		
	130.94		-7.36		-4.03		
	131.00		-7.04		-4.09		
	131.06		-7.02		-4.04		
	131.16		-7.17		-3.69		
	131.22		-7.19		-3.20		
	131.28		-7.48		-2.69		
	131.36		-7.89		-2.19		
	131.42		-8.29		-1.75		
	131.52		-8.96		-0.98		
	132.69		-8.82		-3.76		
	132.72		-8.65		-3.96		
	132.84		-8.53		-4.16		
	132.94		-8.59		-4.26		
	133.05		-8.84		-4.35		
	133.16		-9.03		-4.53		
	133.27		-8.92		-4.60		
	133.41		-8.84		-4.61		
	133.52		-8.82		-4.66		
	133.61		-8.29		-4.76		
	133.72		-7.44		-4.74		
	133.83		-6.15		-4.46		
	133.98		-5.63		-3.97		
	134.08		-5.41		-3.36		
	134.16		-5.43		-2.71		
	134.27		-5.51		-2.25		
	134.39		-5.70		-2.20		
	134.48		-5.75		-2.35		
	134.58		-5.86		-2.42		
	134.69		-5.55		-2.43		
	134.81		-4.74		-2.62		
	134.92		-4.15		-3.08		
	135.02		-3.51		-3.57		
	135.11		-2.62		-3.60		
	135.22		-1.75		-3.64		
	135.34		-1.57		-3.72		
	135.42		-1.96		-4.14		
	135.53		-3.11		-4.57		
	135.64		-4.57		-4.89		
	135.75		-3.84		-5.16		
	135.84		-1.80		-5.06		
	135.95		0.24		-4.80		
	136.06		2.39		-3.88		
	136.17		4.95		-1.98		
	136.33		5.00		-1.24		
	136.39		6.39		-0.42		
	136.48		7.15		-0.03		
	136.58		8.47		0.53		
	136.69		9.17		0.81		
	136.77		10.12		1.45		
	136.89		11.36		3.08		
	137.00		11.61		4.36		
	137.11		10.92		5.10		
	137.23		10.06		5.45		
	137.30		9.98		5.46		
	137.44		9.74		5.30		
	137.53		8.83		4.80		
	137.66		7.62		3.93		
	137.73		6.79		3.24		
	137.83		6.18		2.63		
	137.92		7.58		3.06		
	138.03		8.85		3.94		
	138.11		8.90		4.11		
	138.23		8.70		4.27		
	138.34		8.35		4.11		
	138.45		8.13		3.82		
	138.56		8.27		3.82		
	138.67		7.87		3.54		
	138.77		6.64		2.68		
	138.89		4.84		1.02		
	138.98		4.52		0.15		
	139.08		5.06		0.24		
	139.17		6.01		0.84		
	139.27		7.41		1.78		
	139.38		8.31		2.53		
	139.45		9.00		2.95		
	139.56		9.34		3.22		
	139.67		9.38		3.38		
	139.77		9.41		3.53		
	139.88		9.04		3.57		
	139.97		8.71		3.62		
	140.08		8.64		3.53		
	140.19		8.44		3.46		
	140.30		8.52		3.45		
	140.39		8.78		3.69		
	140.48		8.94		3.90		
	140.58		9.03		4.00		
	140.72		8.93		4.08		
	140.83		8.74		4.01		
	140.91		8.58		3.89		
	141.00		8.79		3.81		
	141.09		8.87		3.82		
	141.19		8.89		3.80		
	141.30		8.78		3.63		
	141.41		8.81		3.58		
	141.53		8.75		3.58		
	141.63		8.65		3.51		
	141.73		8.90		3.58		
	141.83		9.02		3.69		
	141.95		9.01		3.81		
	142.03		8.85		3.72		
	142.14		8.78		3.66		
	142.23		8.96		3.71		
	142.31		8.98		3.77		
	142.42		8.80		3.50		
	142.55		8.78		3.40		
	142.64		9.36		4.27		
	142.73		9.05		4.53		
	142.86		7.06		2.64		
	142.94		5.29		0.46		
	143.06		5.26		0.04		
	143.17		5.66		-0.57		
	143.28		5.87		-0.76		
	143.38		5.71		-0.98		
	143.47		5.45		-1.35		
	143.61		4.97		-1.79		
	143.72		4.93		-2.46		
	143.81		5.52		-2.62		
	143.92		6.45		-2.61		
	144.02		6.85		-2.49		
	144.13		7.18		-2.36		
	144.22		7.41		-2.14		
	144.34		7.30		-1.99		
	144.42		7.14		-2.03		
	144.53		6.85		-2.10		
	144.67		7.01		-2.24		
	144.78		7.28		-2.27		
	144.86		7.56		-1.94		
	144.97		8.36		-1.16		
	145.08		9.06		-0.50		
	145.17		9.56		0.27		
	145.28		10.19		0.97		
	145.44		10.33		1.36		
	145.55		10.05		1.55		
	145.64		9.10		1.24		
	145.78		9.14		1.04		
	145.86		9.19		0.83		
	145.97		9.13		0.57		
	146.05		9.12		0.44		
	146.17		8.97		0.09		
	146.28		8.95		-0.19		
	146.38		8.86		-0.23		
	146.47		8.91		-0.30		
	146.56		8.86		-0.57		
	146.73		8.82		-1.00		
	146.88		8.80		-1.17		
	147.05		8.91		-1.23		
	147.20		8.93		-1.24		
	147.34		9.02		-1.18		
	147.53		8.96		-1.25		
	147.72		8.97		-1.22		
	147.84		9.19		-1.12		
	147.92		9.31		-0.98		
	148.03		9.97		-0.52		
	148.13		10.64		0.26		
	148.22		11.25		1.04		
	148.33		11.12		0.75		
	148.42		11.08		0.42		
	148.53		11.21		0.38		
	148.64		11.15		-0.40		
	148.73		10.35		-2.64		
	148.83		9.94		-4.16		
	148.94		9.81		-4.71		
	149.03		9.98		-5.15		
	149.14		10.32		-5.59		
	149.27		9.34		-5.58		
	149.38		3.23		-4.51		
	149.48		-2.26		-3.28		
	149.59		-7.76		-0.84		
	149.69		-10.26		2.00		
	149.78		-10.87		3.76		
	149.86		-11.04		4.34		
	149.97		-10.78		4.46		
	150.08		-10.42		4.50		
	150.19		-9.72		4.60		
	150.28		-9.09		4.44		
	150.38		-8.14		3.73		
	150.48		-7.52		2.84		
	150.58		-7.36		2.38		
	150.67		-6.84		2.04		
	150.77		-6.17		1.05		
	150.88		-6.04		0.19		
	150.97		-5.74		-0.61		
	151.08		-5.68		-0.68		
	151.17		-6.10		0.16		
	151.27		-6.54		1.78		
	151.38		-6.99		2.82		
	151.52		-6.84		3.33		
	151.63		-7.12		3.42		
	151.72		-7.53		3.29		
	151.80		-8.03		3.16		
	151.89		-8.29		3.02		
	152.00		-8.37		2.98		
	152.09		-8.20		2.60		
	152.20		-8.10		2.17		
	152.34		-7.97		1.73		
	152.41		-7.86		1.49		
	152.48		-7.72		1.33		
	152.59		-7.61		0.99		
	152.72		-7.69		0.67		
	152.77		-7.64		0.50		
	152.84		-7.57		0.22		
	152.95		-7.56		0.09		
	153.13		-7.41		-0.15		
	153.25		-7.31		-0.22		
	153.34		-7.17		-0.34		
	153.44		-7.08		-0.81		
	153.55		-7.02		-1.22		
	153.64		-7.02		-1.54		
	153.75		-7.11		-1.44		
	153.86		-6.99		-1.60		
	153.94		-6.95		-1.73		
	154.06		-6.84		-1.71		
	154.14		-6.95		-1.60		
	154.23		-6.83		-1.37		
	154.31		-6.86		-1.34		
	154.42		-6.73		-1.42		
	154.53		-6.98		-1.64		
	154.63		-6.96		-1.87		
	154.73		-6.87		-2.08		
	154.84		-6.49		-2.14		
	154.97		-6.39		-1.94		
	155.05		-6.50		-2.04		
	155.17		-6.40		-2.28		
	155.28		-6.01		-2.49		
	155.39		-5.22		-3.15		
	155.47		-4.44		-3.38		
	155.61		-3.49		-4.00		
	155.70		-2.02		-4.90		
	155.89		-1.81		-5.87		
	155.98		-2.45		-5.64		
	156.11		-2.99		-5.27		
	156.27		-4.53		-4.20		
	156.28		-4.78		-4.00		
	156.34		-6.00		-3.34		
	156.45		-7.16		-2.85		
	156.56		-7.99		-2.56		
	156.67		-8.60		-2.55		
	156.78		-9.10		-2.74		
	156.86		-9.18		-2.73		
	156.97		-9.11		-2.94		
	157.08		-8.59		-3.82		
	157.20		-8.26		-4.57		
	157.30		-8.65		-4.40		
	157.42		-8.74		-3.59		
	157.52		-8.41		-3.75		
	157.63		-8.05		-4.38		
	157.72		-7.70		-4.80		
	157.86		-7.41		-4.87		
	157.91		-7.40		-4.75		
	158.02		-7.11		-4.71		
	158.13		-6.81		-4.94		
	158.25		-6.67		-5.39		
	158.33		-6.69		-5.72		
	158.42		-6.82		-6.29		
	158.53		-6.91		-6.76		
	158.64		-7.07		-6.97		
	158.73		-7.12		-7.01		
	158.84		-7.24		-7.11		
	158.92		-7.08		-7.25		
	159.05		-6.90		-7.33		
	159.13		-6.74		-7.41		
	159.23		-6.70		-7.62		
	159.33		-6.79		-7.97		
	159.45		-6.97		-8.22		
	159.53		-6.94		-8.37		
	159.64		-6.67		-8.32		
	159.73		-6.55		-8.04		
	159.88		-6.52		-7.79		
	159.94		-6.40		-7.56		
	160.03		-6.29		-7.19		
	160.16		-6.13		-6.82		
	160.27		-6.00		-6.21		
	160.39		-6.14		-6.21		
	160.48		-6.41		-6.00		
	160.59		-6.74		-5.31		
	160.73		-7.21		-4.66		
	160.92		-8.48		-4.84		
	161.14		-9.75		-5.08		
	161.28		-10.22		-5.48		
	161.42		-8.89		-5.44		
	161.61		-6.99		-5.21		
	161.75		-3.53		-4.04		
	161.97		-0.14		-2.36		
	162.08		0.11		-2.13		
	162.16		1.31		-1.01		
	162.23		1.60		-0.46		
	162.34		1.59		0.16		
	162.42		1.68		0.38		
	162.55		1.72		0.09		
	162.66		1.89		-0.07		
	162.75		1.59		-0.01		
	162.86		0.61		0.55		
	162.98		-1.08		1.24		
	163.09		-2.71		1.91		
	163.19		-3.94		2.04		
	163.30		-5.23		2.00		
	163.41		-6.51		1.81		
	163.48		-7.31		1.64		
	163.63		-8.31		1.38		
	163.73		-8.91		1.26		
	163.86		-9.76		1.13		
	163.92		-10.20		0.97		
	164.03		-10.11		0.64		
	164.19		-9.70		0.16		
	164.33		-9.39		-0.21		
	164.42		-9.32		-0.28		
	164.52		-8.97		-0.55		
	164.63		-8.48		-1.15		
	164.73		-8.01		-1.08		
	164.86		-7.93		-1.30		
	164.95		-7.82		-2.30		
	165.05		-7.77		-2.81		
	165.16		-7.62		-3.11		
	165.27		-7.71		-3.35		
	165.39		-7.85		-3.64		
	165.48		-7.85		-4.04		
	165.56		-7.85		-4.10		
	165.70		-8.03		-4.07		
	165.80		-8.15		-4.07		
	165.91		-8.24		-4.16		
	166.02		-8.71		-4.16		
	166.13		-9.31		-4.34		
	166.22		-9.54		-4.47		
	166.31		-9.27		-4.48		
	166.42		-9.30		-4.62		
	166.50		-9.42		-4.73		
	166.63		-9.45		-4.90		
	166.72		-9.53		-4.86		
	166.84		-9.38		-4.72		
	166.94		-9.49		-4.57		
	167.05		-9.68		-4.28		
	167.14		-9.65		-4.29		
	167.25		-9.94		-4.16		
	167.38		-9.54		-4.28		
	167.48		-9.44		-4.34		
	167.58		-9.73		-4.63		
	167.69		-9.92		-4.94		
	167.80		-9.52		-4.51		
	167.91		-9.33		-4.36		
	168.00		-9.27		-4.45		
	168.11		-8.93		-4.33		
	168.22		-8.83		-4.09		
	168.34		-8.91		-3.54		
	168.42		-9.06		-3.22		
	168.52		-8.94		-3.03		
	168.61		-8.90		-3.05		
	168.73		-9.69		-3.45		
	168.83		-9.35		-3.17		
	168.92		-8.58		-3.56		
	169.03		-8.49		-3.82		
	169.13		-8.62		-4.12		
	169.25		-8.91		-4.24		
	169.33		-9.01		-4.32		
	169.42		-8.97		-4.32		
	169.52		-8.40		-4.36		
	169.64		-7.80		-4.34		
	169.73		-7.28		-4.50		
	169.86		-6.93		-4.60		
	169.97		-6.83		-4.80		
	170.06		-6.42		-4.81		
	170.17		-5.84		-4.72		
	170.28		-5.14		-4.61		
	170.41		-4.60		-4.63		
	170.50		-4.96		-4.68		
	170.59		-6.04		-5.41		
	170.67		-6.66		-5.70		
	170.77		-7.07		-5.55		
	170.86		-7.48		-5.17		
	170.98		-7.54		-4.81		
	171.08		-7.33		-4.64		
	171.19		-7.05		-4.70		
	171.28		-7.39		-4.75		
	171.41		-7.18		-4.54		
	171.48		-7.03		-4.40		
	171.58		-6.78		-4.30		
	171.67		-7.11		-4.41		
	171.83		-7.34		-4.54		
	171.92		-7.43		-4.67		
	172.03		-7.35		-4.63		
	172.14		-7.48		-4.59		
	172.22		-7.32		-4.55		
	172.30		-7.39		-4.52		
	172.41		-7.49		-4.52		
	172.52		-7.54		-4.49		
	172.64		-7.71		-4.54		
	172.72		-8.23		-4.58		
	172.81		-8.34		-4.87		
	172.91		-8.27		-5.04		
	173.00		-8.12		-5.13		
	173.16		-7.89		-4.96		
	173.25		-7.47		-4.62		
	173.34		-7.18		-4.41		
	173.45		-6.89		-4.02		
	173.55		-7.09		-3.61		
	173.64		-7.26		-3.37		
	173.77		-6.95		-3.08		
	173.86		-6.38		-2.68		
	173.98		-6.23		-2.35		
	174.09		-6.20		-2.18		
	174.19		-6.25		-2.02		
	174.31		-6.63		-1.58		
	174.41		-6.73		-1.35		
	174.50		-6.81		-1.30		
	174.61		-6.76		-1.33		
	174.69		-7.26		-1.32		
	174.83		-7.60		-0.94		
	174.92		-7.63		-0.47		
	175.05		-6.76		0.47		
	175.22		-7.57		0.32		
	175.41		-8.74		-0.56		
	175.61		-10.32		-1.75		
	175.77		-11.62		-2.89		
	175.91		-11.86		-2.78		
	176.06		-11.49		-2.21		
	176.23		-10.09		-2.22		
	176.36		-9.59		-2.07		
	176.45		-9.79		-2.02		
	176.56		-10.94		-1.98		
	176.64		-12.43		-2.09		
	176.75		-13.83		-2.77		
	176.83		-13.57		-3.23		
	176.95		-12.13		-3.16		
	177.05		-9.27		-3.14		
	177.17		-6.68		-2.91		
	177.30		-2.13		-2.65		
	177.44		0.53		-2.63		
	177.52		7.01		-0.90		
	177.61		10.54		0.15		
	177.72		11.98		1.07		
	177.83		12.01		1.88		
	177.94		10.71		2.23		
	178.03		9.82		1.93		
	178.14		8.17		0.85		
	178.27		6.41		-0.59		
	178.36		6.11		-0.96		
	178.44		6.15		-1.07		
	178.55		6.66		-1.05		
	178.64		6.86		-1.27		
	178.77		6.80		-1.37		
	178.88		6.87		-1.48		
	179.00		7.32		-1.68		
	179.08		7.60		-1.65		
	179.19		7.85		-1.67		
	179.30		7.67		-1.74		
	179.41		7.55		-1.99		
	179.50		7.20		-2.51		
	179.61		7.05		-2.91		
	179.70		7.08		-3.20		
	179.83		7.30		-3.36		
	179.91		7.55		-3.36		
	180.02		7.80		-3.30		
	180.13		7.87		-3.02		
	180.20		7.87		-3.00		
	180.31		7.59		-3.04		
	180.42		7.66		-3.11		
	180.53		7.80		-3.12		
	180.64		7.89		-3.15		
	180.75		8.38		-3.25		
	180.86		8.61		-3.13		
	180.95		9.50		-2.73		
	181.03		9.69		-2.54		
	181.16		9.65		-2.41		
	181.23		9.54		-2.74		
	181.38		9.45		-3.11		
	181.48		9.62		-4.08		
	181.59		8.68		-4.46		
	181.69		8.58		-4.39		
	181.78		8.26		-4.18		
	181.92		8.29		-4.19		
	182.02		8.35		-5.07		
	182.13		7.97		-6.38		
	182.22		6.57		-6.50		
	182.33		5.72		-5.98		
	182.44		5.40		-5.47		
	182.53		4.51		-5.85		
	182.63		4.03		-6.08		
	182.72		4.27		-5.59		
	182.83		5.28		-4.50		
	183.00		6.17		-3.99		
	183.13		6.45		-3.30		
	183.23		6.70		-2.42		
	183.36		6.47		-1.93		
	183.47		6.02		-1.91		
	183.58		5.52		-2.10		
	183.66		5.56		-2.32		
	183.77		5.51		-2.41		
	183.86		5.46		-2.60		
	183.95		5.50		-2.69		
	184.06		5.57		-2.66		
	184.19		5.87		-2.66		
	184.28		5.91		-2.80		
	184.36		6.01		-2.75		
	184.48		6.86		-3.16		
	184.59		7.66		-3.44		
	184.67		8.02		-3.50		
	184.78		8.63		-3.59		
	184.88		9.10		-3.54		
	184.97		9.68		-3.54		
	185.06		10.06		-3.75		
	185.17		10.44		-3.68		
	185.28		10.70		-3.45		
	185.39		10.83		-3.29		
	185.52		11.06		-2.82		
	185.61		11.19		-2.35		
	185.70		11.41		-2.05		
	185.81		11.15		-2.24		
	185.91		10.84		-2.81		
	186.00		10.57		-3.09		
	186.08		10.49		-3.20		
	186.16		10.37		-3.09		
	186.28		10.41		-2.94		
	186.36		10.48		-2.87		
	186.48		10.27		-3.10		
	186.59		9.18		-3.17		
	186.70		7.63		-3.25		
	186.80		6.37		-3.33		
	186.89		5.00		-3.72		
	187.02		3.25		-4.00		
	187.11		0.68		-4.30		
	187.22		-1.51		-4.50		
	187.31		-1.97		-4.43		
	187.42		-1.70		-4.05		
	187.52		-0.95		-3.49		
	187.63		-0.30		-3.03		
	187.73		0.19		-2.80		
	187.83		0.60		-2.50		
	187.95		0.93		-2.04		
	188.06		0.94		-1.57		
	188.16		0.52		-1.56		
	188.27		0.44		-1.61		
	188.38		0.66		-1.63		
	188.50		0.74		-1.65		
	188.59		0.72		-1.63		
	188.69		0.55		-1.69		
	188.78		0.45		-1.77		
	188.91		0.33		-1.87		
	188.98		0.15		-1.96		
	189.09		0.05		-2.05		
	189.23		-0.10		-2.20		
	189.42		-0.20		-2.33		
	189.63		-0.15		-2.39		
	189.81		-0.22		-2.40		
	190.05		-0.20		-2.37		
	190.25		-0.24		-2.33		
	190.38		-0.30		-2.30		
	190.56		0.01		-2.07		
	190.66		0.42		-1.88		
	190.75		1.71		-1.72		
	190.84		2.66		-1.91		
	190.94		3.01		-2.35		
	191.03		2.59		-2.53		
	191.14		0.80		-2.85		
	191.25		-1.59		-2.91		
	191.36		-5.40		-2.69		
	191.47		-8.26		-2.41		
	191.58		-9.96		-2.06		
	191.67		-10.70		-1.74		
	191.84		-11.38		-2.00		
	192.06		-11.13		-2.58		
	192.11		-11.12		-2.73		
	192.19		-11.03		-3.17		
	192.27		-10.79		-3.57		
	192.36		-10.40		-3.94		
	192.48		-10.01		-4.20		
	192.58		-10.00		-4.30		
	192.69		-10.10		-4.28		
	192.77		-10.04		-4.30		
	192.89		-10.00		-4.31		
	192.98		-10.06		-4.29		
	193.09		-10.04		-4.17		
	193.19		-10.19		-3.93		
	193.30		-10.20		-3.76		
	193.41		-10.27		-3.71		
	193.53		-10.12		-3.71		
	193.61		-10.07		-3.71		
	193.73		-9.91		-3.64		
	193.83		-9.78		-3.64		
	193.91		-9.68		-3.60		
	194.02		-9.73		-3.52		
	194.11		-9.74		-3.31		
	194.20		-9.86		-3.16		
	194.34		-9.77		-3.09		
	194.44		-9.72		-3.07		
	194.56		-9.76		-3.11		
	194.67		-9.55		-3.03		
	194.77		-9.64		-3.01		
	194.88		-9.67		-2.99		
	194.98		-9.75		-2.91		
	195.08		-9.79		-2.81		
	195.17		-9.86		-2.73		
	195.28		-9.96		-2.67		
	195.38		-10.20		-2.58		
	195.50		-10.38		-2.50		
	195.59		-10.21		-2.59		
	195.70		-9.92		-2.93		
	195.80		-9.57		-3.38		
	195.95		-9.39		-3.51		
	196.08		-9.20		-3.49		
	196.19		-9.34		-3.46		
	196.28		-9.55		-3.46		
	196.39		-9.62		-3.48		
	196.50		-9.87		-3.53		
	196.59		-10.05		-3.66		
	196.70		-10.07		-3.85		
	196.81		-9.53		-4.37		
	196.92		-9.48		-4.63		
	197.02		-9.69		-4.60		
	197.11		-9.20		-4.36		
	197.22		-9.11		-4.35		
	197.33		-9.77		-4.64		
	197.39		-9.90		-4.94		
	197.48		-10.30		-4.72		
	197.59		-11.30		-3.82		
	197.72		-11.88		-2.89		
	197.81		-12.23		-2.39		
	197.91		-12.37		-2.20		
	198.00		-12.55		-1.90		
	198.17		-12.21		-1.82		
	198.27		-12.06		-1.79		
	198.55		-11.42		-1.87		
	198.70		-11.07		-1.82		
	198.83		-10.92		-1.68		
	198.89		-10.77		-1.55		
	199.03		-10.61		-1.44		
	199.14		-10.52		-1.25		
	199.30		-10.26		-1.13		
	199.39		-10.06		-1.05		
	199.55		-9.77		-1.21		
	200.05		-8.80		-2.11		
	200.14		-8.68		-2.15		
	200.25		-8.36		-2.40		
	200.33		-8.33		-2.48		
	200.44		-8.74		-2.37		
	200.55		-9.48		-2.26		
	200.67		-9.96		-2.22		
	200.78		-8.75		-2.93		
	200.91		-8.17		-3.38		
	201.02		-8.49		-3.35		
	201.13		-8.76		-3.53		
	201.25		-8.19		-4.57		
	201.33		-7.77		-4.76		
	201.42		-7.78		-4.63		
	201.50		-7.83		-4.36		
	201.61		-7.87		-4.15		
	201.72		-7.98		-4.09		
	201.83		-8.13		-3.94		
	201.94		-8.32		-3.83		
	202.03		-8.43		-3.75		
	202.17		-8.64		-3.71		
	202.25		-8.56		-3.72		
	202.36		-8.41		-3.79		
	202.47		-8.49		-3.94		
	202.59		-8.43		-4.35		
	202.69		-8.57		-4.77		
	202.78		-9.88		-5.28		
	202.88		-10.52		-4.84		
	203.00		-9.89		-4.31		
	203.09		-9.68		-4.02		
	203.20		-9.70		-3.28		
	203.28		-8.68		-2.76		
	203.41		-7.53		-2.48		
	203.52		-6.76		-2.28		
	203.59		-6.92		-2.36		
	203.70		-7.35		-2.69		
	203.81		-7.53		-2.88		
	203.92		-8.35		-2.79		
	204.02		-9.51		-2.94		
	204.11		-10.27		-2.66		
	204.19		-10.85		-1.86		
	204.38		-11.30		-1.38		
	204.44		-11.81		-1.33		
	204.56		-12.11		-1.25		
