	 time 		 X 		 Y

	56.84		1.14		-3.87		
	56.97		0.96		-4.67		
	57.09		0.72		-5.09		
	57.22		0.68		-5.34		
	57.31		0.38		-5.81		
	57.44		-0.02		-5.97		
	57.56		-0.10		-6.28		
	57.66		-0.11		-6.46		
	57.75		-0.21		-6.53		
	57.86		-0.59		-6.54		
	57.97		-1.53		-5.99		
	58.08		-2.95		-5.52		
	58.19		-3.41		-5.52		
	58.31		-3.05		-5.50		
	58.42		-2.02		-5.09		
	58.56		-0.90		-4.23		
	58.66		-0.14		-3.26		
	58.77		1.31		-2.28		
	58.91		3.50		-0.78		
	59.00		5.32		-0.16		
	59.11		6.34		0.22		
	59.22		7.54		0.60		
	59.30		8.81		0.55		
	59.41		8.53		0.72		
	59.53		8.43		1.84		
	59.64		7.39		2.01		
	59.75		4.19		1.02		
	59.84		2.77		0.11		
	59.98		4.50		0.86		
	60.13		6.20		2.16		
	60.23		7.00		2.10		
	60.36		7.41		1.79		
	60.50		7.38		2.18		
	60.61		7.33		2.58		
	60.72		7.33		2.84		
	60.89		7.07		3.02		
	60.98		6.97		3.08		
	61.06		6.95		3.11		
	61.17		6.81		3.08		
	61.27		6.68		3.03		
	61.58		6.27		2.40		
	61.70		6.33		2.28		
	61.78		6.46		2.17		
	61.89		6.22		2.00		
	61.98		5.05		1.46		
	62.09		6.13		2.02		
	62.19		7.66		4.02		
	62.36		9.15		5.72		
	62.44		9.72		5.87		
	62.58		9.74		5.78		
	62.69		8.81		4.98		
	62.78		8.20		4.16		
	62.88		8.10		3.75		
	62.92		8.08		3.60		
	63.08		7.62		3.43		
	63.20		7.38		3.31		
	63.28		7.27		3.17		
	63.58		7.06		2.16		
	63.67		7.11		1.95		
	63.77		7.30		0.68		
	63.86		7.44		0.59		
	63.98		7.62		0.57		
	64.06		7.69		0.54		
	64.17		7.61		0.26		
	64.28		7.16		-0.09		
	64.42		6.43		-1.07		
	64.55		5.48		-1.81		
	64.64		4.39		-2.92		
	64.75		3.69		-3.49		
	64.84		3.41		-3.61		
	64.94		3.18		-3.32		
	65.05		3.22		-3.50		
	65.16		3.20		-4.31		
	65.25		2.96		-4.70		
	65.39		3.03		-4.43		
	65.47		3.32		-3.94		
	65.56		3.64		-3.53		
	65.64		4.16		-2.98		
	65.75		5.15		-2.14		
	65.88		5.73		-1.62		
	65.98		6.13		-1.11		
	66.08		6.43		-0.90		
	66.19		6.80		-0.75		
	66.30		6.96		-0.40		
	66.38		7.01		-0.02		
	66.47		6.99		-0.10		
	66.58		7.09		-0.15		
	66.69		7.04		-0.41		
	66.81		7.18		-0.53		
	66.91		7.23		-0.39		
	67.00		7.41		0.14		
	67.11		7.49		0.47		
	67.22		7.50		0.75		
	67.33		7.52		0.88		
	67.42		7.42		0.80		
	67.53		7.22		0.83		
	67.66		7.00		0.80		
	67.73		6.96		0.84		
	67.86		6.90		0.87		
	67.95		6.97		0.87		
	68.06		7.02		0.85		
	68.17		7.07		0.93		
	68.28		7.06		1.04		
	68.41		7.08		1.10		
	68.48		7.13		1.17		
	68.59		7.11		1.29		
	68.69		7.03		1.31		
	68.80		7.16		1.26		
	68.92		7.24		1.40		
	69.03		7.19		1.52		
	69.09		7.28		1.77		
	69.20		7.36		1.87		
	69.28		7.56		2.10		
	69.44		7.88		2.26		
	69.52		7.85		2.31		
	69.63		7.86		2.20		
	69.72		7.94		2.00		
	69.81		7.88		1.87		
	69.92		7.63		1.73		
	70.03		7.55		1.60		
	70.14		7.50		1.56		
	70.27		7.35		1.65		
	70.36		7.36		1.73		
	70.45		7.24		1.78		
	70.56		7.22		1.84		
	70.67		7.25		1.79		
	70.78		7.38		1.72		
	70.89		7.39		1.55		
	71.02		7.38		1.54		
	71.16		7.47		1.44		
	71.33		7.61		1.19		
	71.58		7.70		1.02		
	71.72		9.37		0.09		
	71.88		7.50		0.30		
	72.08		6.29		1.18		
	72.22		5.92		1.48		
	72.41		7.62		2.77		
	72.58		8.66		3.50		
	72.70		8.51		3.72		
	72.80		7.94		4.25		
	72.89		7.73		4.67		
	73.00		7.67		4.92		
	73.13		8.54		5.04		
	73.23		9.49		4.84		
	73.34		9.69		4.69		
	73.45		9.03		4.71		
	73.56		8.57		4.50		
	73.66		8.39		4.32		
	73.73		5.81		3.93		
	73.84		2.40		3.53		
	73.95		0.09		2.47		
	74.05		-1.85		2.51		
	74.13		-3.90		1.66		
	74.22		-3.93		0.65		
	74.31		-4.08		-0.22		
	74.42		-5.46		-0.52		
	74.55		-6.60		-0.45		
	74.64		-7.22		0.05		
	74.73		-8.28		1.32		
	74.84		-8.40		1.53		
	74.94		-8.46		1.43		
	75.05		-7.55		1.66		
	75.14		-7.55		2.18		
	75.23		-7.08		2.29		
	75.36		-6.87		2.28		
	75.45		-6.79		2.47		
	75.56		-6.65		2.47		
	75.67		-6.92		2.63		
	75.83		-7.23		2.64		
	75.97		-7.48		2.43		
	76.06		-7.51		2.67		
	76.17		-7.95		3.23		
	76.27		-8.30		3.77		
	76.38		-8.13		3.69		
	76.47		-7.82		3.35		
	76.61		-7.78		3.23		
	76.70		-8.18		3.35		
	76.80		-8.62		3.65		
	76.91		-8.69		3.67		
	77.00		-8.54		3.69		
	77.13		-8.51		3.77		
	77.23		-7.74		3.40		
	77.36		-6.94		2.97		
	77.44		-7.97		3.42		
	77.55		-8.78		3.82		
	77.66		-8.81		3.87		
	77.78		-8.84		3.99		
	77.86		-8.87		4.09		
	77.95		-8.56		4.08		
	78.06		-8.40		4.19		
	78.19		-8.16		4.24		
	78.27		-8.30		4.41		
	78.38		-8.65		4.75		
	78.47		-8.39		4.87		
	78.58		-8.23		4.61		
	78.70		-7.48		4.33		
	78.80		-6.77		3.95		
	78.89		-6.35		3.62		
	78.97		-6.96		3.43		
	79.09		-6.24		2.97		
	79.19		-7.17		2.76		
	79.30		-9.70		3.13		
	79.39		-11.16		3.15		
	79.50		-11.89		3.08		
	79.59		-11.20		2.94		
	79.70		-11.88		3.11		
	79.80		-12.48		2.92		
	79.97		-13.71		2.82		
	80.06		-14.25		2.92		
	80.17		-14.51		3.15		
	80.28		-14.59		3.17		
	80.39		-14.65		3.15		
	80.48		-14.33		2.87		
	80.58		-13.82		2.39		
	80.69		-13.92		1.95		
	80.77		-13.39		1.61		
	80.86		-13.23		1.57		
	80.94		-13.26		1.54		
	81.06		-13.01		1.60		
	81.16		-12.92		1.82		
	81.27		-12.52		2.08		
	81.33		-12.77		2.05		
	81.44		-13.03		1.84		
	81.53		-13.32		1.58		
	81.66		-13.31		1.44		
	81.72		-13.39		1.14		
	81.81		-13.59		0.99		
	81.92		-13.53		0.91		
	82.03		-13.80		0.54		
	82.16		-14.10		0.36		
	82.28		-13.77		0.27		
	82.39		-13.39		0.50		
	82.50		-13.32		0.57		
	82.64		-13.25		0.51		
	82.70		-13.42		0.30		
	82.81		-13.64		0.15		
	82.92		-13.75		0.01		
	83.03		-13.90		0.03		
	83.13		-13.83		-0.06		
	83.22		-13.51		-0.13		
	83.31		-13.49		-0.20		
	83.41		-13.72		-0.07		
	83.52		-14.03		-0.08		
	83.63		-14.13		-0.08		
	83.73		-13.69		-0.40		
	83.84		-11.74		-1.22		
	83.97		-10.15		-1.52		
	84.08		-8.31		-1.81		
	84.17		-5.66		-2.33		
	84.28		-5.62		-2.42		
	84.41		-6.27		-2.28		
	84.52		-7.72		-1.66		
	84.61		-8.72		-1.40		
	84.73		-9.12		-0.89		
	84.84		-9.10		-0.70		
	84.94		-9.17		-0.43		
	85.02		-9.11		-0.20		
	85.11		-9.38		-0.02		
	85.23		-9.41		0.36		
	85.31		-9.27		0.55		
	85.42		-9.11		0.60		
	85.56		-9.87		0.60		
	85.77		-10.39		0.37		
	85.95		-10.39		0.18		
	86.14		-10.38		0.13		
	86.30		-10.43		0.03		
	86.52		-10.56		0.23		
	86.69		-10.64		0.34		
	86.86		-10.71		0.46		
	86.97		-10.63		0.31		
	87.05		-10.80		0.29		
	87.14		-11.14		0.51		
	87.27		-11.60		1.18		
	87.36		-12.06		1.38		
	87.45		-13.09		1.42		
	87.61		-13.72		2.03		
	87.70		-13.74		2.32		
	87.81		-12.83		2.57		
	87.91		-11.38		2.33		
	88.00		-9.18		1.26		
	88.11		-6.84		-0.45		
	88.23		-4.72		-2.16		
	88.31		-2.97		-3.07		
	88.59		-1.29		-3.71		
	88.72		-1.40		-3.26		
	88.81		-2.28		-2.48		
	88.94		-3.04		-2.29		
	89.05		-3.61		-2.40		
	89.16		-4.75		-2.66		
	89.27		-5.39		-2.79		
	89.42		-5.69		-2.71		
	89.50		-6.03		-2.36		
	89.63		-6.60		-1.63		
	89.70		-6.84		-1.24		
	89.81		-7.19		-1.01		
	89.92		-7.71		-0.91		
	90.02		-7.85		-1.02		
	90.13		-8.03		-1.22		
	90.23		-7.70		-1.51		
	90.34		-7.56		-1.80		
	90.45		-7.69		-2.02		
	90.55		-7.94		-2.17		
	90.66		-8.52		-2.15		
	90.75		-8.67		-2.18		
	90.84		-8.67		-2.18		
	90.94		-8.83		-2.09		
	91.05		-8.98		-1.66		
	91.20		-9.26		-1.01		
	91.28		-9.47		-0.96		
	91.39		-9.52		-0.91		
	91.47		-9.51		-0.97		
	91.56		-9.58		-0.96		
	91.66		-9.59		-1.05		
	91.75		-9.75		-1.01		
	91.84		-9.99		-0.90		
	91.97		-10.01		-0.90		
	92.08		-10.04		-0.91		
	92.20		-9.75		-1.02		
	92.28		-9.17		-1.05		
	92.38		-9.02		-1.08		
	92.48		-9.75		-0.81		
	92.61		-10.33		-0.83		
	92.70		-11.17		-0.27		
	92.81		-12.23		0.57		
	92.92		-12.32		0.72		
	93.03		-12.12		0.24		
	93.14		-11.94		-0.88		
	93.23		-11.35		-1.26		
	93.36		-12.74		0.09		
	93.47		-14.86		1.66		
	93.55		-15.55		2.34		
	93.69		-15.25		2.64		
	93.80		-15.98		3.03		
	93.91		-16.02		3.16		
	94.03		-15.59		3.29		
	94.13		-15.73		2.67		
	94.22		-15.59		2.67		
	94.33		-15.76		2.57		
	94.42		-15.27		1.81		
	94.53		-13.80		1.26		
	94.63		-8.25		1.12		
	94.73		1.22		-2.30		
	94.86		2.66		-4.91		
	94.97		4.34		-6.16		
	95.06		4.21		-6.18		
	95.19		2.26		-5.57		
	95.33		-2.48		-4.59		
	95.42		-4.45		-3.93		
	95.53		-5.08		-3.25		
	95.66		-6.41		-1.80		
	95.75		-7.10		-0.83		
	95.84		-8.11		0.81		
	95.94		-8.84		2.55		
	96.03		-9.24		3.50		
	96.16		-8.93		3.74		
	96.50		-8.21		4.13		
	96.64		-7.88		4.37		
	96.81		-7.56		4.33		
	96.91		-7.35		4.38		
	97.02		-7.03		4.40		
	97.13		-6.94		4.63		
	97.36		-7.00		5.30		
	97.50		-7.17		5.53		
	97.78		-7.45		5.15		
	97.98		-7.66		5.00		
	98.05		-7.75		5.00		
	98.28		-7.96		5.25		
	98.38		-8.24		5.56		
	98.48		-8.27		5.71		
	98.67		-8.20		5.81		
	99.14		-7.77		5.78		
	99.33		-7.61		5.70		
	99.48		-7.47		5.49		
	99.67		-7.35		5.31		
	99.81		-7.24		5.08		
	99.97		-7.27		4.66		
	100.13		-7.35		4.35		
	100.33		-7.69		3.82		
	100.48		-7.98		2.87		
	100.69		-7.85		1.42		
	100.83		-7.17		0.05		
	101.00		-5.92		-0.92		
	101.14		-4.61		-1.30		
	101.33		-2.45		-1.75		
	101.45		-0.62		-2.08		
	101.59		1.61		-2.58		
	101.75		4.60		-3.41		
	101.92		6.40		-3.94		
	102.09		7.96		-3.61		
	102.19		10.65		-2.80		
	102.30		11.60		-2.50		
	102.39		11.44		-2.81		
	102.48		11.40		-2.62		
	102.58		12.02		-1.96		
	102.69		12.11		-1.65		
	102.81		12.58		-1.05		
	102.91		12.69		-0.43		
	103.02		12.78		0.25		
	103.13		13.43		0.19		
	103.23		13.25		0.06		
	103.33		13.54		-0.06		
	103.45		13.68		0.01		
	103.55		13.96		-0.30		
	103.67		13.88		-0.81		
	103.80		13.86		-0.70		
	103.88		13.28		-0.43		
	104.02		13.18		-0.18		
	104.11		13.42		-0.29		
	104.19		13.91		-0.96		
	104.28		14.02		-1.34		
	104.45		13.63		-2.08		
	104.56		13.42		-2.16		
	104.66		12.99		-2.52		
	104.77		12.46		-2.88		
	104.88		12.66		-2.87		
	104.95		13.91		-2.83		
	105.08		14.17		-3.03		
	105.19		13.83		-2.85		
	105.28		14.17		-2.96		
	105.36		14.37		-3.16		
	105.47		14.37		-3.32		
	105.61		14.65		-3.23		
	105.70		14.65		-3.03		
	105.80		14.65		-2.98		
	105.91		14.90		-2.92		
	106.06		14.74		-3.08		
	106.17		14.76		-3.17		
	106.30		14.64		-3.21		
	106.38		13.97		-2.86		
	106.48		13.77		-2.65		
	106.58		13.81		-2.64		
	106.69		14.31		-2.66		
	106.77		14.20		-2.58		
	106.86		14.21		-2.47		
	106.97		14.77		-2.43		
	107.06		14.87		-2.32		
	107.17		14.48		-2.16		
	107.30		14.24		-1.97		
	107.41		14.39		-2.02		
	107.52		14.49		-2.07		
	107.64		14.42		-2.02		
	107.73		14.39		-2.00		
	107.83		14.56		-2.05		
	107.94		14.91		-2.11		
	108.06		15.41		-2.07		
	108.14		15.61		-1.90		
	108.23		15.36		-2.24		
	108.33		15.16		-2.61		
	108.44		15.47		-3.12		
	108.53		15.39		-3.53		
	108.63		15.42		-3.78		
	108.75		15.29		-3.96		
	108.86		14.46		-3.75		
	108.97		13.80		-3.25		
	109.06		13.44		-2.86		
	109.17		12.79		-2.52		
	109.28		11.71		-2.65		
	109.41		9.70		-2.84		
	109.50		8.67		-2.93		
	109.58		7.75		-3.32		
	109.67		7.01		-3.60		
	109.77		6.02		-3.77		
	109.88		5.70		-3.97		
	109.97		6.27		-4.08		
	110.09		7.69		-4.26		
	110.20		8.42		-4.44		
	110.30		8.50		-4.43		
	110.39		8.34		-4.33		
	110.48		7.24		-4.24		
	110.59		5.65		-4.11		
	110.75		3.76		-4.14		
	110.83		1.50		-3.94		
	110.92		-0.19		-3.72		
	111.02		-2.08		-3.40		
	111.11		-3.25		-3.28		
	111.22		-4.35		-2.96		
	111.31		-4.61		-2.42		
	111.42		-4.83		-2.15		
	111.53		-4.96		-2.13		
	111.64		-3.72		-2.25		
	111.75		-1.89		-2.21		
	111.84		-0.61		-2.13		
	111.95		1.10		-2.20		
	112.05		1.48		-2.26		
	112.14		4.06		-2.00		
	112.30		6.58		-0.73		
	112.38		6.79		-0.52		
	112.67		7.49		0.73		
	112.80		7.65		1.18		
	112.89		7.75		1.40		
	112.98		7.91		1.85		
	113.14		8.50		2.40		
	113.20		8.78		2.55		
	113.28		8.91		2.59		
	113.41		8.72		2.43		
	113.50		8.74		2.06		
	113.63		9.03		1.59		
	113.72		9.40		1.27		
	113.81		9.55		1.18		
	113.91		9.83		1.28		
	114.02		9.85		1.05		
	114.22		9.50		0.84		
	114.38		9.32		0.64		
	114.58		9.02		0.18		
	114.72		8.71		-0.31		
	114.92		7.47		-1.33		
	115.14		6.55		-1.69		
	115.30		6.45		-1.86		
	115.39		6.87		-1.72		
	115.47		7.78		-1.49		
	115.55		8.88		-1.35		
	115.66		10.02		-1.40		
	115.77		11.62		-1.68		
	115.89		12.43		-1.90		
	115.97		12.47		-2.10		
	116.06		12.52		-2.52		
	116.23		12.40		-2.87		
	116.34		12.12		-3.15		
	116.45		11.49		-3.26		
	116.55		10.61		-3.25		
	116.66		8.13		-3.37		
	116.78		5.13		-3.30		
	116.91		2.13		-3.12		
	117.00		0.05		-2.72		
	117.11		-1.44		-2.06		
	117.22		-2.39		-1.79		
	117.34		-3.59		-1.24		
	117.44		-4.54		-0.75		
	117.53		-4.59		-0.14		
	117.61		-4.90		0.48		
	117.72		-5.67		0.74		
	117.83		-6.41		0.73		
	117.94		-6.47		0.63		
	118.05		-6.97		0.86		
	118.16		-7.33		0.93		
	118.28		-7.26		1.14		
	118.36		-7.53		1.28		
	118.47		-7.19		1.07		
	118.55		-6.96		0.97		
	118.67		-7.11		1.02		
	118.77		-7.73		1.00		
	118.86		-7.80		1.00		
	118.97		-8.64		1.11		
	119.08		-8.53		1.07		
	119.20		-7.97		0.81		
	119.30		-8.20		0.84		
	119.39		-8.67		1.01		
	119.48		-9.51		1.27		
	119.59		-10.56		1.36		
	119.69		-11.53		1.55		
	119.80		-10.21		1.63		
	119.86		-9.67		1.51		
	119.92		-9.79		1.40		
	120.05		-11.54		2.07		
	120.19		-12.26		2.07		
	120.27		-12.57		1.99		
	120.42		-12.79		1.57		
	120.52		-13.01		1.28		
	120.63		-12.92		1.15		
	120.72		-12.95		1.04		
	120.81		-12.76		0.99		
	120.91		-12.38		0.66		
	121.03		-12.07		0.49		
	121.33		-12.08		0.32		
	121.41		-12.10		0.25		
	121.52		-11.96		0.18		
	121.67		-12.27		0.41		
	121.81		-12.60		0.79		
	121.89		-12.79		1.47		
	121.95		-12.46		1.53		
	122.03		-12.50		1.51		
	122.16		-12.15		1.31		
	122.20		-11.73		1.12		
	122.28		-11.54		0.90		
	122.47		-10.66		0.09		
	122.50		-10.78		-0.03		
	122.56		-11.07		-0.06		
	122.64		-11.73		0.16		
	122.72		-11.83		0.09		
	122.88		-12.07		0.17		
	122.98		-12.29		0.10		
	123.09		-12.52		0.04		
	123.23		-12.53		0.06		
	123.36		-12.62		0.19		
	123.56		-12.73		0.29		
	123.63		-12.45		0.25		
	123.75		-12.50		0.25		
	123.80		-12.44		0.23		
	123.91		-12.52		0.33		
	123.98		-12.88		0.54		
	124.05		-13.00		0.72		
	124.14		-13.21		0.99		
	124.22		-13.31		1.14		
	124.31		-13.41		1.15		
	124.41		-13.43		1.15		
	124.47		-13.37		1.15		
	124.75		-12.49		0.90		
	124.83		-12.03		0.75		
	125.05		-11.69		0.61		
	125.13		-11.35		0.46		
	125.17		-10.78		0.31		
	125.22		-10.59		0.28		
	125.28		-9.97		0.19		
	125.36		-9.37		0.22		
	125.44		-6.92		0.04		
	125.50		-5.31		-0.23		
	125.59		-4.17		-0.67		
	125.66		-2.48		-1.44		
	125.75		-1.14		-2.40		
	125.86		0.04		-3.07		
	125.91		0.87		-3.24		
	125.98		1.69		-3.06		
	126.08		1.93		-3.12		
	126.17		2.15		-3.58		
	126.25		2.36		-4.11		
	126.33		2.52		-4.89		
	126.39		2.44		-4.97		
	126.47		2.41		-4.88		
	126.55		3.02		-4.67		
	126.61		3.31		-4.75		
	126.70		3.77		-5.01		
	126.77		4.50		-5.40		
	126.86		4.67		-5.63		
	126.95		3.98		-5.90		
	127.02		3.23		-6.17		
	127.09		0.80		-4.98		
	127.19		-0.89		-4.02		
	127.25		-0.89		-3.54		
	127.33		-2.74		-2.60		
	127.39		-5.11		-1.42		
	127.45		-6.69		-0.67		
	127.55		-8.64		0.14		
	127.61		-9.83		0.82		
	127.69		-10.34		1.20		
	127.81		-10.70		2.11		
	127.88		-11.15		2.86		
	128.02		-10.85		3.23		
	128.02		-10.85		3.23		
	128.09		-9.93		3.13		
	128.22		-9.51		2.86		
	128.28		-9.36		2.28		
	128.36		-9.50		2.12		
	128.45		-9.64		1.90		
	128.55		-9.27		1.59		
	128.58		-8.94		1.44		
	128.67		-8.86		1.21		
	128.73		-8.81		1.09		
	128.81		-9.12		1.27		
	128.91		-9.77		1.66		
	128.98		-10.18		1.92		
	129.06		-10.38		1.98		
	129.14		-10.43		1.88		
	129.23		-10.32		1.88		
	130.52		-10.95		5.05		
	130.53		-10.88		4.97		
	130.64		-10.85		4.91		
	130.75		-10.64		4.88		
	130.84		-10.66		4.90		
	130.94		-11.17		4.96		
	131.05		-11.47		4.87		
	131.14		-11.43		4.55		
	131.25		-11.46		4.47		
	131.34		-11.85		4.43		
	131.47		-12.09		4.24		
	131.58		-11.67		3.95		
	131.67		-10.37		3.95		
	131.77		-8.29		3.64		
	131.88		-5.65		2.71		
	131.97		-2.76		1.71		
	132.08		0.84		0.03		
	132.20		3.31		-1.91		
	132.31		4.24		-2.36		
	132.39		4.54		-2.47		
	132.47		4.65		-2.32		
	132.58		5.17		-1.98		
	132.67		6.55		-1.61		
	132.77		7.63		-1.75		
	132.91		8.47		-1.80		
	133.02		8.36		-1.66		
	133.13		8.28		-1.56		
	133.25		8.75		-1.75		
	133.34		9.23		-1.93		
	133.45		9.42		-1.62		
	133.59		10.05		-0.98		
	133.69		10.58		-1.00		
	133.80		11.85		-1.19		
	133.91		12.60		-1.08		
	134.03		12.66		-1.29		
	134.16		12.48		-1.43		
	134.23		12.88		-1.68		
	134.33		13.19		-2.41		
	134.41		13.51		-2.74		
	134.53		14.12		-3.20		
	134.63		14.26		-2.96		
	134.73		13.99		-2.66		
	134.84		13.65		-2.49		
	134.95		13.41		-2.10		
	135.06		12.98		-1.61		
	135.14		12.67		-1.17		
	135.23		12.26		-0.45		
	135.36		11.86		0.51		
	135.45		12.45		1.05		
	135.55		11.97		1.39		
	135.67		11.85		1.72		
	135.75		11.87		2.47		
	135.86		11.67		3.20		
	136.00		11.31		3.53		
	136.31		10.84		2.93		
	136.39		10.55		2.59		
	136.44		10.43		2.56		
	136.50		9.83		2.55		
	136.61		9.58		2.48		
	136.72		8.97		2.75		
	136.88		8.90		3.48		
	137.03		9.00		3.66		
	137.23		8.84		4.21		
	137.33		8.80		4.40		
	137.50		8.79		4.56		
	137.61		8.86		4.79		
	137.69		9.00		4.73		
	137.92		8.69		4.33		
	138.05		8.53		4.09		
	138.27		8.33		3.98		
	138.38		8.25		3.45		
	138.48		8.21		3.32		
	138.58		8.14		3.26		
	138.69		8.31		3.32		
	138.84		8.55		3.58		
	138.97		8.78		3.61		
	139.22		8.83		3.28		
	139.28		8.85		3.19		
	139.45		8.97		3.13		
	139.53		8.90		2.93		
	139.69		8.74		2.53		
	139.78		8.62		2.38		
	139.86		8.43		1.92		
	139.97		8.35		1.86		
	140.09		8.41		1.68		
	140.22		8.27		1.69		
	140.31		8.28		1.76		
	140.41		8.24		1.73		
	140.50		8.32		1.74		
	140.59		8.19		1.72		
	140.69		8.11		1.75		
	140.80		8.19		1.75		
	140.88		8.18		1.70		
	141.02		8.13		1.44		
	141.14		8.08		1.23		
	141.23		8.08		1.04		
	141.33		8.10		0.95		
	141.41		7.97		0.87		
	141.52		8.07		0.81		
	141.63		8.08		0.77		
	141.72		8.01		0.75		
	141.83		8.12		0.81		
	141.94		8.10		0.89		
	142.05		8.22		0.94		
	142.14		8.23		0.94		
	142.23		8.24		0.92		
	142.38		8.18		0.86		
	142.50		8.17		0.86		
	142.59		8.17		0.92		
	142.69		8.16		1.03		
	142.80		8.15		1.14		
	142.95		8.24		1.22		
	143.03		8.22		1.34		
	143.13		8.36		1.45		
	143.22		8.48		1.63		
	143.33		8.57		1.81		
	143.45		8.59		1.66		
	143.58		8.79		1.57		
	143.67		8.91		1.39		
	143.78		8.89		1.30		
	143.89		8.58		1.34		
	144.00		8.03		1.26		
	144.11		7.51		1.27		
	144.20		6.60		0.60		
	144.28		6.73		0.50		
	144.39		6.73		0.38		
	144.48		6.36		0.33		
	144.63		6.19		0.30		
	144.72		5.85		0.16		
	144.81		5.46		0.05		
	144.91		5.25		-0.23		
	145.02		5.26		-0.51		
	145.14		5.33		-0.89		
	145.23		5.46		-0.87		
	145.33		5.61		-0.87		
	145.42		6.21		-0.40		
	145.59		6.63		1.28		
	145.72		7.01		2.23		
	145.88		7.08		2.46		
	146.06		6.92		2.97		
	146.22		6.77		3.71		
	146.39		6.87		4.67		
	146.53		6.90		5.18		
	146.67		6.98		5.68		
	146.78		7.18		5.88		
	146.88		6.88		6.00		
	146.95		6.75		6.18		
	147.05		7.06		6.54		
	147.17		8.30		6.57		
	147.30		9.43		6.91		
	147.39		9.45		7.05		
	147.47		9.76		6.47		
	147.58		8.90		5.95		
	147.67		7.39		5.86		
	147.78		5.33		5.46		
	147.89		1.79		3.67		
	148.00		-0.68		1.97		
	148.11		-3.06		0.34		
	148.23		-4.23		-1.36		
	148.31		-5.00		-2.55		
	148.41		-5.48		-2.42		
	148.52		-6.97		-1.09		
	148.61		-8.41		0.31		
	148.69		-8.67		0.63		
	148.80		-8.36		1.19		
	148.89		-8.10		1.61		
	148.98		-8.17		1.95		
	149.09		-7.71		2.00		
	149.19		-7.08		1.79		
	149.30		-6.94		2.01		
	149.39		-7.05		1.99		
	149.45		-6.90		1.95		
	149.58		-6.82		1.92		
	149.67		-6.82		2.01		
	149.77		-6.84		2.19		
	149.86		-6.83		2.41		
	149.95		-6.71		2.58		
	150.05		-6.59		2.68		
	150.14		-6.52		2.64		
	150.25		-6.60		2.65		
	150.36		-6.58		2.53		
	150.45		-6.59		2.44		
	150.53		-6.54		2.29		
	150.64		-6.45		2.09		
	150.75		-6.40		2.04		
	150.86		-6.22		1.96		
	150.95		-5.94		1.63		
	151.06		-6.13		1.46		
	151.19		-6.16		1.32		
	151.28		-6.05		1.17		
	151.39		-6.12		1.15		
	151.50		-6.21		1.12		
	151.63		-6.34		1.18		
	151.70		-6.25		0.91		
	151.81		-6.13		0.73		
	152.00		-5.98		0.32		
	152.16		-6.05		0.26		
	152.25		-6.10		0.34		
	152.36		-6.16		0.35		
	152.45		-6.16		0.37		
	152.56		-6.47		0.41		
	152.67		-6.50		0.40		
	152.80		-6.87		0.39		
	152.89		-7.05		0.40		
	153.00		-7.14		0.33		
	153.11		-6.97		0.19		
	153.22		-7.04		0.04		
	153.31		-6.93		-0.17		
	153.44		-6.99		-0.41		
	153.55		-7.10		-0.53		
	153.67		-7.16		-0.65		
	153.78		-7.18		-0.79		
	153.88		-7.10		-0.89		
	153.97		-7.28		-0.90		
	154.08		-7.35		-0.93		
	154.19		-7.49		-0.90		
	154.30		-7.54		-0.80		
	154.39		-7.56		-0.68		
	154.50		-7.41		-0.58		
	154.61		-7.35		-0.54		
	154.70		-7.35		-0.48		
	154.80		-7.27		-0.39		
	154.89		-7.37		-0.39		
	155.00		-7.38		-0.29		
	155.09		-7.23		-0.29		
	155.19		-7.31		-0.19		
	155.30		-7.37		0.13		
	155.39		-7.45		0.37		
	155.48		-7.61		0.49		
	155.59		-7.71		0.52		
	155.66		-7.82		0.66		
	155.80		-7.96		1.01		
	155.89		-8.54		1.64		
	156.03		-8.44		1.80		
	156.20		-7.90		1.33		
	156.30		-7.59		1.06		
	156.41		-7.65		0.85		
	156.50		-7.62		0.48		
	156.59		-7.51		0.20		
	156.69		-7.15		-0.13		
	156.78		-7.32		-0.14		
	156.86		-7.62		-0.04		
	156.98		-7.77		-0.13		
	157.06		-7.81		-0.17		
	157.20		-7.76		-0.27		
	157.31		-7.79		-0.32		
	157.42		-7.76		-0.19		
	157.53		-7.72		-0.12		
	157.63		-7.86		-0.12		
	157.70		-7.75		-0.15		
	157.86		-7.42		-0.45		
	157.95		-7.41		-0.49		
	158.08		-7.46		-0.51		
	158.17		-7.63		-0.49		
	158.30		-7.70		-0.42		
	158.45		-7.67		-0.34		
	158.56		-7.63		-0.32		
	158.64		-7.57		-0.27		
	158.78		-7.50		-0.12		
	158.84		-7.37		0.05		
	158.95		-7.55		0.23		
	159.06		-7.50		0.34		
	159.17		-7.66		0.41		
	159.27		-8.13		0.32		
	159.38		-8.64		0.17		
	159.48		-8.94		-0.23		
	159.59		-9.00		-0.60		
	159.77		-8.95		-1.10		
	159.97		-9.14		-1.56		
	160.13		-9.87		-1.92		
	160.31		-10.52		-2.24		
	160.50		-10.01		-2.77		
	160.66		-9.34		-3.63		
	160.86		-8.63		-4.37		
	160.95		-8.56		-4.42		
	161.06		-8.82		-4.20		
	161.16		-8.67		-3.92		
	161.25		-8.46		-3.87		
	161.36		-8.09		-3.70		
	161.47		-7.89		-3.45		
	161.61		-7.32		-3.10		
	161.72		-6.50		-2.58		
	161.83		-5.34		-1.79		
	161.91		-4.51		-1.35		
	161.98		-3.86		-1.11		
	162.08		-3.29		-0.84		
	162.19		-3.00		-0.72		
	162.30		-2.62		-0.82		
	162.47		-3.59		-0.34		
	162.56		-3.97		-0.24		
	162.67		-4.15		-0.58		
	162.78		-4.19		-0.76		
	162.89		-4.27		-0.86		
	162.97		-4.26		-1.01		
	163.08		-4.32		-1.13		
	163.19		-4.31		-1.23		
	163.28		-4.29		-1.32		
	163.36		-4.20		-1.36		
	163.47		-4.30		-1.30		
	163.59		-4.36		-1.21		
	163.67		-4.36		-1.08		
	163.77		-4.37		-1.14		
	163.89		-4.42		-1.11		
	163.98		-4.42		-1.10		
	164.09		-4.30		-1.12		
	164.20		-4.32		-1.11		
	164.33		-4.40		-1.11		
	164.42		-4.36		-1.16		
	164.55		-4.33		-1.09		
	164.66		-4.37		-0.95		
	164.77		-4.45		-0.69		
	164.92		-4.60		-0.63		
	165.02		-4.83		-0.50		
	165.11		-4.91		-0.40		
	165.20		-5.03		-0.03		
	165.31		-4.73		-0.25		
	165.42		-4.57		-0.35		
	165.53		-4.59		-0.38		
	165.64		-4.24		-0.53		
	165.78		-3.94		-0.64		
	165.86		-3.80		-0.77		
	165.97		-3.84		-0.80		
	166.09		-3.76		-0.85		
	166.20		-3.93		-0.93		
	166.31		-3.93		-1.02		
	166.42		-3.95		-1.18		
	166.52		-4.07		-1.34		
	166.64		-4.15		-1.24		
	166.72		-4.49		-1.18		
	166.81		-4.42		-1.23		
	166.91		-4.41		-1.37		
	167.02		-4.59		-1.29		
	167.14		-4.71		-1.21		
	167.22		-4.91		-1.13		
	167.33		-5.11		-0.96		
	167.44		-5.24		-0.80		
	167.53		-5.38		-0.36		
	167.64		-5.56		-0.04		
	167.75		-5.52		0.21		
	167.86		-5.48		0.44		
	167.95		-5.51		0.55		
	168.09		-5.39		0.65		
	168.20		-5.42		0.63		
	168.33		-5.29		0.57		
	168.44		-5.19		0.45		
	168.55		-5.05		0.50		
	168.64		-4.99		0.51		
	168.73		-4.57		0.31		
	168.81		-3.95		-0.70		
	168.91		-4.08		-1.00		
	169.00		-4.61		0.18		
	169.13		-4.70		1.25		
	169.23		-5.43		2.38		
	169.31		-6.17		3.34		
	169.41		-6.80		3.96		
	169.56		-7.04		4.20		
	169.64		-7.19		4.43		
	169.83		-7.13		5.04		
	170.00		-5.93		5.26		
	170.08		-5.32		4.95		
	170.19		-5.29		4.98		
	170.28		-5.71		4.48		
	170.44		-5.79		3.61		
	170.52		-5.78		3.48		
	170.58		-5.90		3.45		
	170.73		-6.56		3.36		
	170.80		-6.63		3.37		
	170.91		-7.25		3.34		
	170.95		-7.48		3.32		
	171.08		-7.67		3.71		
	171.17		-7.57		3.75		
	171.33		-7.21		3.75		
	171.47		-7.12		3.81		
	171.69		-7.21		3.67		
	171.81		-7.10		3.65		
	171.97		-7.04		3.58		
	172.08		-7.02		3.60		
	172.19		-6.93		3.72		
	172.34		-6.99		3.86		
	172.47		-7.07		4.39		
	172.69		-7.13		4.82		
	172.98		-7.32		4.82		
	173.13		-7.41		4.49		
	173.30		-7.65		4.37		
	173.45		-7.77		4.25		
	173.59		-8.00		4.06		
	173.77		-8.26		3.82		
	173.88		-8.46		3.53		
	174.09		-8.22		2.96		
	174.25		-7.65		2.58		
	174.44		-6.40		1.84		
	174.56		-4.01		0.24		
	174.73		-2.30		-0.65		
	174.92		-0.53		-1.33		
	175.13		2.13		-2.14		
	175.33		4.73		-2.52		
	175.48		5.83		-2.55		
	175.64		5.98		-2.37		
	175.86		6.46		-2.22		
	176.02		7.51		-2.20		
	176.14		8.49		-2.16		
	176.38		9.31		-1.81		
	176.45		9.84		-1.53		
	176.58		9.93		-1.54		
	176.67		10.06		-1.49		
	176.78		10.23		-1.15		
	176.88		9.67		-1.09		
	176.98		9.28		-0.81		
	177.08		9.38		-0.62		
	177.19		9.43		-0.52		
	177.30		9.46		-0.70		
	177.41		9.65		-0.99		
	177.53		9.64		-0.80		
	177.64		9.76		-0.44		
	177.73		9.66		-0.38		
	177.84		9.47		-0.31		
	177.97		9.40		-0.40		
	178.06		9.29		-0.43		
	178.17		9.07		-0.60		
	178.28		8.51		-0.84		
	178.39		7.75		-0.67		
	178.58		7.18		0.50		
	178.66		8.37		0.59		
	178.83		9.02		0.04		
	178.92		10.07		-0.83		
	179.02		11.39		-1.34		
	179.16		12.39		-1.29		
	179.25		12.64		-0.96		
	179.34		12.43		-0.76		
	179.44		12.00		-0.57		
	179.55		11.77		-0.56		
	179.66		11.44		-0.57		
	179.73		11.19		-0.70		
	179.84		11.03		-0.74		
	179.95		10.79		-0.85		
	180.08		10.55		-0.96		
	180.19		10.98		-0.87		
	180.30		11.61		-0.90		
	180.34		12.06		-0.89		
	180.44		12.23		-1.09		
	180.56		12.04		-1.11		
	180.72		11.77		-0.95		
	180.78		11.22		-0.79		
	180.89		10.69		-0.79		
	181.00		10.15		-1.93		
	181.13		10.01		-1.98		
	181.20		9.59		-1.73		
	181.31		8.97		-1.36		
	181.42		8.27		-0.77		
	181.53		7.77		-0.40		
	181.70		7.67		-0.44		
	181.78		8.01		-0.35		
	181.83		8.07		-0.30		
	181.94		7.58		-0.40		
	182.03		6.96		-0.57		
	182.22		6.52		-0.69		
	182.38		6.28		-0.70		
	182.47		4.48		-0.69		
	182.59		3.95		-0.60		
	182.70		3.33		-0.36		
	182.81		3.08		-0.33		
	182.95		2.70		-0.24		
	183.05		2.67		-0.19		
	183.13		3.04		-0.12		
	183.28		3.84		-0.21		
	183.39		4.50		-0.07		
	183.50		5.19		-0.22		
	183.58		5.83		-0.35		
	183.66		6.43		-0.54		
	183.75		6.72		-0.65		
	183.84		6.56		-0.50		
	183.92		6.53		-0.40		
	184.02		6.42		-0.34		
	184.11		6.21		-0.33		
	184.23		5.79		-0.24		
	184.44		5.22		-0.17		
	184.66		5.01		0.01		
	184.81		4.91		0.01		
	184.97		4.87		-0.06		
	185.11		4.77		-0.25		
	185.30		4.85		-0.73		
	185.45		5.14		-1.11		
	185.64		5.85		-1.63		
	185.83		6.39		-2.18		
	185.97		7.20		-3.00		
	186.14		6.90		-3.58		
	186.30		6.70		-3.79		
	186.48		6.16		-3.73		
	186.63		5.24		-3.32		
	186.81		4.84		-3.27		
	186.97		2.03		-2.44		
	187.13		-1.01		-3.07		
	187.30		-3.24		-3.57		
	187.44		-5.11		-3.95		
	187.56		-5.98		-3.91		
	187.75		-7.16		-3.85		
	187.89		-8.09		-3.78		
	187.95		-8.98		-3.82		
	188.06		-9.28		-3.79		
	188.14		-9.62		-3.84		
	188.28		-10.09		-4.00		
	188.41		-10.09		-3.93		
	188.47		-10.08		-3.77		
	188.58		-10.10		-3.45		
	188.70		-9.79		-3.45		
	188.80		-9.36		-3.43		
	188.89		-9.43		-3.44		
	188.98		-9.66		-3.04		
	189.09		-10.36		-2.43		
	189.20		-10.70		-2.08		
	189.31		-10.32		-2.17		
	189.41		-9.76		-2.46		
	189.50		-9.54		-2.69		
	189.59		-9.56		-2.70		
	189.69		-9.67		-2.58		
	189.80		-10.44		-1.75		
	189.91		-10.37		-1.81		
	190.00		-9.93		-2.11		
	190.08		-10.09		-2.16		
	190.19		-10.26		-2.23		
	190.31		-10.09		-2.26		
	190.41		-9.90		-2.23		
	190.53		-10.03		-2.09		
	190.64		-10.11		-1.89		
	190.75		-10.95		-1.47		
	190.86		-10.79		-1.09		
	190.95		-10.72		-0.83		
	191.03		-10.86		-0.67		
	191.16		-10.92		-0.64		
	191.28		-11.01		-0.55		
	191.45		-11.09		-0.36		
	191.56		-11.28		-0.33		
	191.67		-11.35		-0.36		
	191.92		-11.29		-0.50		
	192.09		-11.16		-0.33		
	192.20		-10.87		-0.31		
	192.38		-10.62		-0.27		
	192.70		-10.53		-0.19		
	192.78		-10.05		-0.36		
	192.91		-9.66		-0.57		
	193.00		-9.80		-0.70		
	193.14		-10.63		-0.34		
	193.23		-10.61		-0.70		
	193.36		-10.53		-0.73		
	193.50		-10.37		-0.58		
	193.59		-10.17		-0.61		
	193.67		-9.97		-0.74		
	193.77		-9.75		-0.95		
	193.89		-9.87		-1.01		
	194.00		-9.82		-0.99		
	194.11		-10.17		-0.68		
	194.20		-10.39		-0.57		
	194.33		-10.53		-0.37		
	194.39		-10.43		-0.21		
	194.50		-10.76		0.06		
	194.59		-10.86		0.29		
	194.75		-10.87		0.39		
	194.86		-10.71		0.23		
	194.88		-10.63		0.17		
	194.97		-10.40		-0.20		
	195.06		-9.89		-0.96		
	195.17		-10.68		-0.20		
	195.23		-11.35		0.25		
	195.44		-12.11		0.93		
	195.50		-12.11		1.16		
	195.63		-11.49		1.00		
	195.69		-11.27		0.68		
	195.91		-11.34		0.58		
	196.03		-11.09		0.49		
	196.16		-10.71		0.42		
	196.20		-10.34		0.40		
	196.28		-9.35		0.79		
	196.39		-8.80		0.94		
	196.47		-8.97		1.12		
	196.56		-9.07		1.05		
	196.70		-9.38		0.93		
	196.80		-9.59		0.91		
	196.88		-10.04		0.75		
	196.98		-10.29		0.62		
	197.08		-10.38		0.46		
	197.17		-10.57		0.25		
	197.28		-10.66		0.28		
	197.39		-10.80		0.26		
	197.48		-10.73		0.08		
	197.56		-10.78		0.02		
	197.66		-10.68		-0.01		
	197.77		-10.62		0.13		
	197.88		-10.57		0.26		
	198.00		-10.47		0.36		
	198.08		-10.40		0.65		
	198.16		-10.43		0.85		
	198.27		-10.57		0.98		
	198.38		-10.69		0.99		
	198.50		-10.53		0.94		
	198.59		-10.47		0.87		
	198.69		-10.47		0.89		
	198.78		-10.64		0.76		
	198.89		-10.74		0.62		
	198.98		-10.77		0.61		
	199.09		-10.93		0.59		
	199.27		-11.07		0.73		
	199.33		-11.31		0.86		
	199.45		-11.61		0.86		
	199.55		-11.81		0.90		
	199.70		-11.95		0.89		
	199.78		-12.17		0.88		
	199.91		-12.23		0.99		
	200.11		-12.38		0.84		
	200.20		-12.43		0.74		
	200.28		-12.41		0.70		
	200.36		-12.52		0.60		
	200.48		-12.54		0.53		
	200.73		-12.49		0.49		
