	 time 		 X 		 Y

	55.09		-7.23		-3.36		
	55.20		-7.43		-3.11		
	55.31		-7.42		-3.08		
	55.42		-7.52		-3.06		
	55.53		-7.64		-3.17		
	55.64		-7.82		-3.57		
	55.78		-9.42		-4.62		
	55.88		-11.07		-5.69		
	56.02		-13.06		-6.02		
	56.11		-13.01		-5.28		
	56.22		-11.06		-3.82		
	56.33		-6.50		-0.92		
	56.44		-2.06		1.74		
	56.53		3.67		4.75		
	56.63		6.28		5.99		
	56.73		7.33		6.26		
	56.83		8.99		7.05		
	56.94		11.64		8.57		
	57.05		11.67		9.23		
	57.16		11.43		9.28		
	57.28		9.85		9.75		
	57.38		9.54		9.65		
	57.50		7.56		9.45		
	57.58		6.23		8.15		
	57.70		3.22		7.08		
	57.80		3.15		7.07		
	57.91		7.11		8.15		
	58.02		8.98		8.66		
	58.14		10.08		8.94		
	58.31		11.26		9.35		
	58.39		11.14		9.62		
	58.48		10.79		9.59		
	58.59		10.14		9.70		
	58.69		8.78		9.89		
	58.81		7.60		9.86		
	58.94		7.01		9.74		
	59.05		6.95		9.61		
	59.14		7.55		9.34		
	59.25		8.83		8.95		
	59.36		8.26		8.50		
	59.47		6.00		7.33		
	59.59		1.29		5.33		
	59.72		-7.42		2.77		
	59.83		-16.05		-0.18		
	59.97		-17.41		-0.55		
	60.08		-16.77		-1.28		
	60.19		-16.48		-2.25		
	60.28		-15.09		-1.82		
	60.39		-13.88		-0.20		
	60.50		-12.15		-0.09		
	60.61		-9.96		1.12		
	60.72		-7.38		2.13		
	60.83		-1.12		3.89		
	60.95		6.86		6.31		
	61.03		11.20		7.01		
	61.20		13.35		6.65		
	61.44		13.79		6.47		
	61.50		12.86		6.16		
	61.84		-3.16		-1.24		
	62.08		-14.78		-5.53		
	62.17		-15.21		-5.05		
	62.30		-11.99		-3.86		
	62.42		-11.68		-3.16		
	62.53		-9.51		-2.25		
	62.66		-5.97		-0.56		
	62.75		-1.26		1.14		
	62.86		4.69		3.72		
	62.97		8.40		5.90		
	63.08		8.78		7.39		
	63.17		9.07		7.47		
	63.28		11.06		7.67		
	63.39		12.43		7.27		
	63.52		11.23		6.97		
	63.69		3.79		4.98		
	63.72		2.88		4.90		
	63.81		2.63		4.77		
	63.94		2.61		4.50		
	64.03		2.13		4.40		
	64.13		2.45		4.70		
	64.22		4.41		5.50		
	64.31		6.04		6.03		
	64.41		7.45		6.39		
	64.52		7.89		6.37		
	64.63		7.90		6.09		
	64.73		7.83		6.22		
	64.84		8.23		6.44		
	64.91		8.53		6.38		
	65.03		8.75		6.22		
	65.16		9.75		6.90		
	65.25		9.89		7.16		
	65.36		10.04		7.47		
	65.47		9.97		7.79		
	65.61		10.67		8.32		
	65.69		12.05		8.84		
	65.78		12.83		8.92		
	65.86		13.38		8.55		
	65.98		13.56		8.45		
	66.11		12.90		7.66		
	66.22		8.04		7.04		
	66.30		-0.66		6.46		
	66.39		-11.84		4.41		
	66.50		-6.76		3.99		
	66.59		-6.03		5.37		
	66.69		-1.94		6.19		
	66.80		3.58		8.55		
	66.91		5.52		9.53		
	66.98		6.14		9.96		
	67.09		5.61		8.89		
	67.19		5.26		8.36		
	67.33		5.64		8.54		
	67.41		6.06		8.98		
	67.56		6.76		8.93		
	67.70		9.10		9.89		
	67.80		10.08		10.35		
	67.94		10.29		10.67		
	68.02		9.82		10.41		
	68.13		9.29		9.62		
	68.23		8.67		9.29		
	68.36		8.37		9.10		
	68.45		9.33		9.41		
	68.56		9.19		9.83		
	68.69		9.46		10.41		
	68.80		9.37		10.49		
	68.91		9.07		10.77		
	69.00		8.69		10.91		
	69.13		9.63		11.11		
	69.22		9.81		11.13		
	69.41		9.33		10.89		
	69.59		10.60		10.59		
	69.83		10.14		10.47		
	69.95		10.09		10.56		
	70.11		9.80		10.27		
	70.30		9.49		10.11		
	70.44		7.60		9.79		
	70.58		5.32		9.55		
	70.73		3.02		9.22		
	70.86		-1.45		7.76		
	70.95		-2.24		7.45		
	71.06		2.32		8.23		
	71.13		3.29		8.41		
	71.25		7.20		9.81		
	71.33		7.02		9.54		
	71.44		6.31		9.49		
	71.53		4.26		8.80		
	71.64		2.69		8.12		
	71.72		-4.77		5.73		
	71.81		-10.45		5.18		
	71.91		-14.13		4.47		
	72.00		-15.09		5.44		
	72.13		-15.91		6.73		
	72.25		-16.35		6.83		
	72.34		-17.24		6.90		
	72.47		-17.91		7.15		
	72.55		-17.81		7.18		
	72.64		-16.97		6.68		
	72.72		-14.58		4.55		
	72.81		-10.95		-1.32		
	72.91		-7.60		-4.28		
	73.02		-5.67		-3.12		
	73.13		-6.95		-2.97		
	73.23		-8.12		-3.32		
	73.34		-16.71		-2.67		
	73.47		-17.90		-2.94		
	73.55		-18.67		-3.83		
	73.66		-18.99		-3.02		
	73.73		-16.21		-2.79		
	73.88		-12.42		-2.41		
	73.97		-13.80		-2.29		
	74.06		-17.77		-2.35		
	74.16		-18.80		-3.69		
	74.25		-20.23		-3.65		
	74.36		-20.16		-4.20		
	74.44		-20.55		-4.78		
	74.55		-20.23		-5.34		
	74.67		-19.41		-5.67		
	74.83		-17.24		-6.08		
	74.94		-2.14		-5.51		
	75.03		13.63		-3.99		
	75.14		13.12		-3.84		
	75.27		6.78		-3.79		
	75.38		-0.88		-3.62		
	75.47		-7.35		-3.33		
	75.58		-12.74		-3.54		
	75.67		-14.74		-3.57		
	75.80		-15.62		-3.24		
	75.89		-17.99		-3.40		
	75.98		-15.66		-3.97		
	76.11		-13.65		-3.96		
	76.22		-13.82		-3.69		
	76.33		-14.39		-2.89		
	76.47		-15.16		-1.99		
	76.56		-16.77		-2.27		
	76.66		-18.56		-2.72		
	76.78		-18.49		-3.22		
	76.92		-15.07		-3.98		
	77.02		-8.90		-7.48		
	77.11		-7.29		-8.00		
	77.22		-12.01		-5.45		
	77.33		-15.78		-5.62		
	77.44		-17.11		-7.03		
	77.53		-16.77		-6.61		
	77.64		-16.91		-6.48		
	77.75		-16.58		-7.49		
	77.88		-16.55		-7.35		
	77.92		-15.80		-6.75		
	78.02		-15.65		-6.75		
	78.11		-15.90		-6.74		
	78.22		-16.43		-6.64		
	78.30		-16.86		-7.07		
	78.39		-15.52		-7.99		
	78.52		-14.56		-7.95		
	78.59		-14.69		-7.43		
	78.69		-14.91		-6.94		
	78.80		-14.77		-5.48		
	78.91		-15.18		-4.96		
	79.02		-14.68		-4.35		
	79.13		-16.55		-5.08		
	79.23		-17.61		-5.64		
	79.31		-18.68		-5.94		
	79.41		-18.69		-5.61		
	79.52		-18.85		-5.27		
	79.63		-18.76		-5.25		
	79.73		-17.09		-4.50		
	79.86		-13.18		-2.86		
	79.94		-6.58		-0.84		
	80.05		-0.77		0.79		
	80.16		6.15		2.30		
	80.27		8.14		2.86		
	80.36		8.27		2.97		
	80.44		9.80		2.91		
	80.58		6.07		1.30		
	80.67		-1.49		1.12		
	80.77		-9.37		-1.74		
	80.86		-14.71		-3.14		
	80.97		-16.37		-2.77		
	81.06		-16.10		-2.71		
	81.17		-14.35		-3.56		
	81.28		-12.27		-4.39		
	81.38		-8.39		-4.69		
	81.48		-6.89		-3.71		
	81.59		-6.77		-3.46		
	81.70		-7.13		-3.26		
	81.80		-9.17		-3.83		
	81.91		-11.15		-5.20		
	82.00		-12.07		-5.81		
	82.09		-14.99		-7.33		
	82.17		-15.36		-8.01		
	82.27		-15.23		-8.06		
	82.38		-15.00		-8.42		
	82.52		-15.18		-9.62		
	82.59		-15.51		-10.45		
	82.70		-15.36		-11.02		
	82.80		-14.88		-11.20		
	82.89		-14.73		-11.32		
	83.00		-14.65		-10.91		
	83.11		-14.49		-10.57		
	83.22		-14.87		-10.76		
	83.33		-15.06		-10.88		
	83.47		-14.99		-11.96		
	83.64		-14.76		-12.10		
	83.84		-15.04		-11.87		
	83.98		-14.78		-11.26		
	84.17		-14.09		-11.09		
	84.31		-13.66		-11.08		
	84.50		-10.81		-9.65		
	84.69		-9.79		-8.35		
	84.81		-12.14		-7.78		
	84.91		-15.01		-8.29		
	85.02		-15.06		-8.51		
	85.13		-14.36		-7.52		
	85.20		-14.05		-6.63		
	85.30		-14.35		-6.30		
	85.39		-14.23		-6.86		
	85.52		-12.44		-7.04		
	85.61		-11.26		-6.60		
	85.75		-11.76		-5.35		
	85.84		-12.99		-2.36		
	85.95		-14.44		0.09		
	86.06		-15.25		1.63		
	86.17		-15.50		2.31		
	86.28		-15.41		2.52		
	86.38		-15.80		3.37		
	86.47		-16.42		3.85		
	86.58		-16.40		3.66		
	86.70		-16.37		3.39		
	86.80		-15.81		2.64		
	86.89		-15.41		2.26		
	87.00		-15.14		1.96		
	87.13		-15.25		1.93		
	87.20		-16.80		2.42		
	87.30		-18.12		2.82		
	87.41		-17.61		2.81		
	87.52		-12.04		1.22		
	87.63		-9.02		1.06		
	87.70		-8.44		1.00		
	87.81		-8.89		1.07		
	87.92		-10.23		1.34		
	88.02		-12.42		1.90		
	88.13		-14.60		2.91		
	88.23		-15.46		3.59		
	88.34		-15.61		3.90		
	88.47		-15.42		4.18		
	88.55		-15.71		4.46		
	88.67		-16.12		4.79		
	88.78		-16.60		5.47		
	88.89		-16.18		5.72		
	89.00		-16.14		5.76		
	89.14		-16.32		5.19		
	89.23		-17.52		5.04		
	89.33		-18.12		5.06		
	89.45		-17.98		5.02		
	89.55		-15.41		4.39		
	89.66		-13.45		3.34		
	89.77		-12.93		2.78		
	89.89		-11.05		1.89		
	89.97		-12.02		2.40		
	90.06		-12.36		2.25		
	90.14		-14.10		3.22		
	90.23		-15.29		3.92		
	90.33		-15.49		4.33		
	90.44		-15.53		4.53		
	90.55		-15.58		4.50		
	90.67		-15.44		4.52		
	90.77		-14.75		4.27		
	90.86		-14.99		4.34		
	90.98		-15.85		4.35		
	91.09		-15.61		4.03		
	91.22		-15.58		3.97		
	91.33		-16.35		4.15		
	91.45		-16.70		4.00		
	91.55		-16.21		3.34		
	91.66		-13.71		2.06		
	91.77		-9.13		0.74		
	91.89		2.44		-3.76		
	91.95		7.27		-5.54		
	92.03		8.03		-5.51		
	92.14		2.92		-3.55		
	92.25		-3.12		0.01		
	92.34		-6.51		1.41		
	92.45		-9.33		3.05		
	92.58		-10.84		3.69		
	92.70		-11.61		3.62		
	92.75		-11.78		3.56		
	92.86		-12.45		4.01		
	92.95		-13.42		4.88		
	93.06		-14.19		5.26		
	93.17		-15.09		5.68		
	93.31		-15.55		5.67		
	93.41		-15.03		5.14		
	93.52		-14.72		4.78		
	93.63		-13.92		4.58		
	93.72		-13.39		4.37		
	93.81		-13.30		3.95		
	93.94		-13.07		3.65		
	94.03		-13.05		3.75		
	94.11		-12.54		4.43		
	94.22		-12.60		4.62		
	94.34		-13.42		5.00		
	94.45		-13.84		5.45		
	94.56		-14.64		5.78		
	94.64		-15.45		5.83		
	94.75		-15.85		5.77		
	94.86		-15.83		5.67		
	94.97		-14.82		5.29		
	95.06		-14.44		5.18		
	95.17		-12.49		4.55		
	95.31		-10.77		3.80		
	95.45		-5.14		1.22		
	95.47		-3.92		0.43		
	95.55		-0.54		-1.39		
	95.66		1.03		-1.86		
	95.75		0.51		-2.04		
	95.86		-1.18		-1.16		
	95.97		-4.75		-0.04		
	96.08		-8.21		1.03		
	96.17		-9.55		1.36		
	96.28		-11.04		1.85		
	96.39		-11.95		2.47		
	96.47		-12.74		3.12		
	96.58		-13.45		3.96		
	96.69		-13.88		4.66		
	96.77		-13.86		4.91		
	96.88		-13.38		5.13		
	96.97		-13.20		5.43		
	97.06		-13.51		5.65		
	97.17		-14.51		6.01		
	97.28		-14.55		5.70		
	97.38		-13.01		5.14		
	97.45		-11.74		4.63		
	97.58		-9.04		3.75		
	97.75		-7.60		3.18		
	97.94		-6.72		2.80		
	98.08		-6.64		2.84		
	98.22		-6.64		2.85		
	98.38		-6.24		2.74		
	98.58		-5.67		2.61		
	98.73		-5.00		2.47		
	98.86		-4.66		2.63		
	98.97		-4.92		2.76		
	99.05		-5.56		2.97		
	99.16		-7.32		3.51		
	99.30		-8.62		4.08		
	99.38		-5.39		2.93		
	99.48		-6.31		2.56		
	99.58		-13.09		2.59		
	99.72		-9.85		2.48		
	99.81		-4.87		3.32		
	99.92		-0.01		3.02		
	100.02		2.41		2.68		
	100.14		4.30		1.56		
	100.31		4.33		1.12		
	100.38		3.85		1.24		
	100.53		4.29		2.19		
	100.63		4.85		2.48		
	100.72		7.21		2.79		
	100.81		9.10		2.71		
	100.91		8.52		2.91		
	101.02		6.93		2.92		
	101.13		6.33		2.54		
	101.20		6.47		2.42		
	101.31		7.48		2.36		
	101.41		8.10		2.25		
	101.52		10.50		2.71		
	101.64		11.88		2.85		
	101.78		11.22		2.77		
	101.88		6.93		2.46		
	101.94		6.35		3.03		
	102.06		6.51		2.95		
	102.14		3.56		2.79		
	102.25		1.92		2.78		
	102.36		0.98		2.87		
	102.47		1.17		2.92		
	102.58		1.81		2.90		
	102.67		2.68		2.69		
	102.78		3.24		2.42		
	102.91		3.44		2.43		
	103.00		4.07		2.30		
	103.13		4.32		2.18		
	103.23		4.47		2.00		
	103.34		4.46		2.03		
	103.44		4.46		2.12		
	103.61		4.31		2.39		
	103.69		4.49		2.66		
	103.80		4.53		2.63		
	103.91		4.31		2.74		
	104.02		4.27		2.73		
	104.14		3.80		2.77		
	104.25		4.30		2.76		
	104.33		5.04		2.77		
	104.48		5.39		2.36		
	104.59		4.88		1.60		
	104.75		4.55		1.43		
	104.83		4.51		1.40		
	105.00		4.69		1.40		
	105.17		4.89		1.45		
	105.36		5.82		1.75		
	105.50		6.22		1.92		
	105.75		7.31		2.28		
	105.83		8.73		1.99		
	105.92		8.93		1.79		
	106.02		8.07		1.63		
	106.14		8.63		1.63		
	106.23		9.03		1.85		
	106.34		9.66		2.20		
	106.45		9.17		2.23		
	106.56		8.62		1.85		
	106.72		7.98		1.22		
	106.83		8.19		1.44		
	106.91		8.18		1.46		
	107.00		7.56		1.56		
	107.09		7.45		1.89		
	107.22		7.48		2.15		
	107.31		5.81		2.19		
	107.42		5.72		2.42		
	107.56		6.34		2.97		
	107.64		5.91		3.14		
	107.73		4.88		3.10		
	107.86		4.39		2.85		
	107.97		3.53		2.52		
	108.06		3.29		2.36		
	108.16		2.83		1.99		
	108.30		2.47		1.51		
	108.42		2.87		1.76		
	108.52		3.01		1.85		
	108.64		3.16		1.84		
	109.00		4.12		2.09		
	109.02		4.12		2.09		
	109.08		3.84		2.10		
	109.20		4.08		2.26		
	109.30		3.79		2.31		
	109.45		3.85		2.45		
	109.53		4.01		2.53		
	109.63		4.08		2.64		
	109.73		4.41		2.96		
	109.86		4.55		2.96		
	109.95		4.40		2.80		
	110.06		4.17		2.68		
	110.17		4.13		2.53		
	110.28		4.08		2.46		
	110.38		4.05		2.48		
	110.48		3.87		2.56		
	110.61		3.66		2.58		
	110.70		3.44		2.76		
	110.80		2.92		2.67		
	110.89		2.88		2.60		
	111.00		2.83		2.71		
	111.09		2.62		2.64		
	111.22		2.67		2.79		
	111.30		2.68		3.00		
	111.39		2.47		3.10		
	111.50		1.99		3.20		
	111.59		1.06		3.43		
	111.70		0.81		3.58		
	111.81		1.28		3.40		
	111.91		2.32		3.02		
	112.00		2.86		3.00		
	112.13		3.51		2.98		
	112.19		4.14		3.04		
	112.30		4.51		3.15		
	112.38		5.03		3.18		
	112.52		5.51		3.19		
	112.66		5.83		3.12		
	112.77		5.16		3.02		
	112.88		4.40		2.91		
	113.09		4.79		3.04		
	113.28		4.87		2.98		
	113.42		4.75		2.91		
	113.58		4.99		2.97		
	113.75		5.47		2.98		
	113.91		6.76		3.20		
	114.16		8.37		3.51		
	114.25		8.28		3.21		
	114.31		9.00		3.09		
	114.42		11.25		3.33		
	114.55		12.70		3.20		
	114.67		13.15		3.18		
	114.77		12.64		2.79		
	114.86		8.28		2.57		
	114.94		4.59		2.88		
	115.03		-0.72		2.51		
	115.14		-4.32		2.96		
	115.23		-7.00		3.62		
	115.34		-8.91		3.67		
	115.44		-9.26		3.40		
	115.53		-10.12		2.88		
	115.64		-11.31		2.31		
	115.73		-12.93		1.96		
	115.83		-13.47		1.80		
	115.92		-13.78		1.66		
	116.03		-13.78		1.70		
	116.13		-13.48		1.71		
	116.23		-13.78		1.47		
	116.34		-13.74		1.56		
	116.47		-14.02		1.91		
	116.53		-14.75		2.19		
	116.63		-15.35		2.62		
	116.72		-16.19		3.19		
	116.84		-16.84		3.79		
	116.94		-17.23		3.43		
	117.02		-16.87		2.53		
	117.14		-16.04		2.45		
	117.23		-15.77		2.83		
	117.33		-16.02		3.08		
	117.44		-18.32		2.73		
	117.55		-19.67		2.66		
	117.64		-20.16		3.20		
	117.75		-19.87		3.06		
	117.83		-19.71		2.95		
	117.92		-18.93		2.46		
	118.03		-18.82		2.85		
	118.14		-17.97		3.70		
	118.23		-16.85		4.23		
	118.33		-17.26		5.21		
	118.44		-18.37		5.76		
	118.55		-18.03		5.11		
	118.64		-18.19		4.90		
	118.73		-19.67		4.37		
	118.83		-20.80		3.30		
	118.92		-20.68		3.42		
	119.02		-20.44		2.98		
	119.13		-20.25		3.22		
	119.23		-19.94		3.13		
	119.33		-19.41		2.22		
	119.44		-19.26		1.69		
	119.59		-18.74		0.39		
	119.75		-16.78		-1.46		
	119.92		-10.80		-2.38		
	120.11		-2.74		-3.01		
	120.19		2.95		-3.40		
	120.30		9.64		-2.68		
	120.39		10.00		-2.21		
	120.48		9.16		-1.52		
	120.59		7.48		-0.94		
	120.69		5.73		-0.56		
	120.78		2.48		-0.21		
	120.89		-1.73		0.31		
	121.02		-5.98		0.69		
	121.09		-8.79		0.77		
	121.20		-11.48		1.20		
	121.34		-13.15		1.63		
	121.44		-14.48		2.06		
	121.53		-15.55		2.21		
	121.64		-16.39		1.94		
	121.80		-17.83		1.86		
	121.89		-18.29		1.73		
	121.95		-18.08		1.67		
	122.31		-17.39		1.78		
	122.55		-16.04		1.85		
	122.73		-16.86		1.66		
	122.83		-17.38		1.42		
	123.00		-17.36		1.10		
	123.09		-17.26		1.06		
	123.20		-17.43		1.09		
	123.36		-17.99		1.34		
	123.48		-18.36		1.93		
	123.58		-18.49		2.40		
	123.70		-18.48		2.69		
	123.78		-17.92		2.94		
	123.89		-17.01		2.39		
	123.97		-17.31		2.42		
	124.06		-18.09		2.41		
	124.19		-18.81		2.44		
	124.31		-18.51		2.02		
	124.41		-18.33		1.56		
	124.59		-18.17		1.62		
	124.67		-17.19		1.26		
	124.98		-17.45		1.13		
	125.14		-18.01		1.73		
	125.25		-17.83		1.90		
	125.41		-17.55		2.30		
	125.48		-17.65		2.37		
	125.58		-16.59		1.95		
	125.72		-14.94		1.02		
	125.73		-14.87		0.99		
	125.83		-15.35		1.00		
	125.95		-17.83		3.01		
	126.05		-18.58		3.94		
	126.14		-18.18		4.24		
	126.23		-17.58		3.80		
	126.33		-17.95		3.08		
	126.45		-18.60		3.20		
	126.55		-18.44		3.26		
	126.67		-18.00		3.32		
	126.78		-18.14		3.49		
	126.86		-17.94		3.47		
	126.97		-18.07		3.44		
	127.09		-18.66		3.47		
	127.20		-19.05		3.41		
	127.33		-19.21		3.27		
	127.45		-19.39		3.28		
	127.53		-19.29		3.05		
	127.66		-19.18		2.37		
	127.75		-18.89		1.56		
	127.91		-17.71		0.61		
	128.00		-15.37		0.59		
	128.20		-11.63		0.33		
	128.22		-10.92		0.26		
	128.30		-9.19		-0.07		
	128.41		-9.35		-0.64		
	129.55		-18.75		0.17		
	129.56		-18.55		0.23		
	129.67		-17.66		-0.12		
	129.78		-16.62		-0.82		
	129.89		-16.43		-1.41		
	129.98		-16.64		-2.10		
	130.09		-16.78		-2.43		
	130.19		-18.46		-2.02		
	130.31		-19.31		-1.64		
	130.41		-19.25		-0.63		
	130.50		-18.93		0.48		
	130.61		-18.83		0.64		
	130.70		-19.02		0.68		
	130.80		-19.63		-0.05		
	130.89		-19.85		-0.22		
	130.98		-19.27		-0.25		
	131.08		-18.00		-0.35		
	131.19		-15.61		-0.29		
	131.28		-11.79		-0.12		
	131.36		-7.99		0.40		
	131.48		-3.74		1.77		
	131.56		-0.19		2.56		
	131.67		3.09		3.29		
	131.77		6.70		4.17		
	131.86		9.26		5.63		
	131.97		10.04		5.67		
	132.09		11.04		5.66		
	132.22		13.46		6.12		
	132.61		15.28		6.14		
	132.72		15.76		6.01		
	132.80		15.62		6.09		
	132.88		14.92		6.26		
	132.97		13.28		6.32		
	133.11		12.37		6.48		
	133.36		12.55		6.92		
	133.44		13.06		7.15		
	133.55		13.68		7.28		
	133.75		13.96		7.15		
	133.89		13.65		6.79		
	133.98		13.06		6.31		
	134.02		12.57		6.02		
	134.23		11.61		5.52		
	134.33		11.21		5.37		
	134.47		11.18		5.39		
	134.52		11.08		5.42		
	134.64		10.74		5.36		
	134.67		10.70		5.38		
	134.73		10.74		5.35		
	134.80		11.16		5.62		
	134.92		11.05		5.90		
	134.98		10.84		5.91		
	135.03		9.98		5.79		
	135.08		9.48		5.67		
	135.16		9.78		5.84		
	135.25		10.35		6.13		
	135.36		8.39		5.61		
	135.44		7.29		5.14		
	135.50		6.79		5.04		
	135.59		6.48		4.68		
	135.66		6.89		4.75		
	135.72		7.42		4.87		
	135.81		8.15		5.03		
	135.86		8.30		4.95		
	135.92		8.43		5.08		
	136.02		7.70		4.77		
	136.09		6.91		4.58		
	136.17		6.76		4.63		
	136.27		6.78		4.77		
	136.34		6.21		4.65		
	136.44		5.38		4.37		
	136.50		4.76		4.23		
	136.59		4.37		4.03		
	136.67		4.36		3.98		
	136.78		3.31		3.44		
	136.91		2.53		3.05		
	136.97		3.81		3.52		
	137.06		4.99		4.13		
	137.13		6.95		4.69		
	137.20		9.03		5.48		
	137.30		10.88		6.08		
	137.38		9.92		5.70		
	137.48		9.31		5.48		
	137.55		9.73		5.45		
	137.63		10.10		5.25		
	137.72		10.58		5.35		
	137.78		10.93		5.51		
	137.94		10.68		5.44		
	137.95		10.30		5.37		
	138.05		9.98		5.28		
	138.09		9.37		5.12		
	138.17		8.57		4.95		
	138.25		8.91		5.10		
	138.33		9.89		5.39		
	138.42		11.54		5.59		
	138.56		12.19		5.72		
	138.63		12.42		5.80		
	138.83		12.87		6.06		
	138.89		13.05		6.08		
	138.95		12.73		6.04		
	139.00		12.44		5.98		
	139.09		12.18		6.05		
	139.20		12.26		6.17		
	139.27		11.94		6.22		
	139.34		11.61		6.20		
	139.45		11.69		6.16		
	139.50		12.11		6.28		
	139.64		12.40		6.31		
	139.84		13.57		6.47		
	139.94		14.31		6.70		
	139.98		14.68		6.81		
	140.06		14.39		6.72		
	140.14		12.55		6.02		
	140.20		11.41		5.51		
	140.28		10.89		5.28		
	140.33		9.93		4.80		
	140.36		9.58		4.67		
	140.44		9.21		4.55		
	140.50		8.75		4.38		
	140.59		7.11		3.84		
	140.64		6.53		3.98		
	140.72		7.36		4.56		
	140.80		8.57		5.17		
	140.88		9.26		5.51		
	140.95		9.26		5.46		
	141.03		9.72		5.70		
	141.11		9.46		5.42		
	141.23		8.87		5.04		
	141.30		9.64		5.40		
	141.38		10.12		5.56		
	141.47		10.50		5.81		
	141.55		9.54		5.51		
	141.61		8.26		5.03		
	141.69		8.24		5.08		
	141.77		8.11		5.38		
	141.86		8.78		5.56		
	141.95		9.96		5.73		
	142.03		10.79		5.72		
	142.13		10.89		6.01		
	142.25		12.03		6.67		
	142.34		12.59		7.05		
	142.42		12.95		7.25		
	142.52		13.05		7.38		
	142.58		12.93		7.53		
	142.67		12.58		7.36		
	142.75		11.16		6.78		
	142.88		10.03		6.51		
	142.89		10.00		6.50		
	142.95		10.14		6.49		
	143.02		10.02		6.55		
	143.11		10.70		7.08		
	143.17		11.21		7.44		
	143.27		11.68		7.76		
	143.33		10.27		7.23		
	143.41		9.85		7.04		
	143.50		11.94		7.53		
	143.58		16.67		8.46		
	143.67		17.36		8.48		
	143.75		17.51		8.08		
	143.83		17.13		7.84		
	143.91		16.89		7.88		
	143.97		14.92		7.46		
	144.06		4.70		4.80		
	144.19		-1.93		3.46		
	144.31		-11.74		1.16		
	144.45		-17.94		-0.70		
	144.58		-19.43		-0.91		
	144.69		-18.64		-0.12		
	144.83		-18.09		0.38		
	144.94		-17.74		0.59		
	145.08		-16.19		1.60		
	145.19		-11.98		2.95		
	145.31		-6.33		4.65		
	145.38		-0.54		6.28		
	145.44		3.11		6.98		
	145.55		6.76		7.47		
	145.64		8.26		7.18		
	145.72		8.51		6.07		
	145.78		5.41		5.65		
	145.89		0.02		4.78		
	145.94		-6.42		3.04		
	146.03		-12.54		1.37		
	146.13		-16.93		0.79		
	146.19		-18.33		1.31		
	146.27		-18.44		1.30		
	146.34		-18.34		0.99		
	146.41		-18.00		0.05		
	146.50		-18.10		-0.01		
	146.58		-18.70		-0.41		
	146.66		-19.20		-1.42		
	146.75		-19.46		-2.17		
	146.81		-19.45		-2.50		
	146.91		-19.24		-3.47		
	146.98		-18.55		-4.83		
	147.08		-17.70		-6.59		
	147.16		-17.24		-7.33		
	147.22		-16.95		-7.43		
	147.30		-16.18		-7.04		
	147.38		-16.40		-7.38		
	147.48		-16.77		-8.48		
	147.55		-17.10		-8.87		
	147.61		-17.06		-9.30		
	147.69		-17.03		-9.34		
	147.75		-17.14		-8.84		
	147.84		-17.17		-8.73		
	147.91		-17.13		-8.67		
	148.00		-17.28		-8.42		
	148.09		-17.62		-7.77		
	148.17		-17.99		-6.73		
	148.23		-15.11		-4.99		
	148.31		-7.77		-4.54		
	148.38		2.42		-5.26		
	148.44		8.95		-6.01		
	148.50		9.84		-6.10		
	148.61		5.20		-4.32		
	148.70		1.20		-3.53		
	148.78		-2.72		-3.87		
	148.84		-8.14		-4.17		
	148.94		-11.73		-4.25		
	149.03		-13.52		-4.06		
	149.11		-14.04		-3.46		
	149.20		-14.51		-3.27		
	149.28		-16.07		-3.73		
	149.36		-17.04		-4.36		
	149.42		-17.01		-4.40		
	149.50		-16.56		-3.55		
	149.58		-16.79		-3.32		
	149.67		-17.11		-3.55		
	149.73		-17.16		-3.71		
	149.81		-16.93		-4.04		
	149.89		-16.04		-4.73		
	149.94		-15.31		-5.35		
	150.03		-13.79		-6.24		
	150.11		-12.98		-6.61		
	150.17		-12.78		-7.01		
	150.27		-13.24		-7.37		
	150.33		-14.40		-7.94		
	150.42		-14.91		-8.33		
	150.53		-14.52		-8.19		
	150.61		-14.64		-8.27		
	150.70		-15.43		-8.68		
	150.78		-17.03		-8.63		
	150.86		-17.62		-7.59		
	150.94		-18.16		-6.85		
	151.02		-18.35		-7.40		
	151.09		-18.51		-7.62		
	151.19		-18.70		-7.90		
	151.25		-18.66		-7.97		
	151.33		-18.79		-8.49		
	151.41		-18.58		-8.86		
	151.48		-18.57		-8.57		
	151.61		-17.34		-6.82		
	151.69		-17.92		-6.84		
	151.75		-18.38		-8.28		
	151.83		-19.00		-8.39		
	151.91		-18.98		-8.42		
	152.00		-19.22		-8.28		
	152.08		-19.25		-8.16		
	152.16		-18.87		-8.13		
	152.20		-19.00		-7.95		
	152.28		-18.77		-7.94		
	152.38		-18.66		-7.80		
	152.45		-18.66		-7.14		
	152.55		-18.29		-7.46		
	152.61		-18.70		-6.91		
	152.73		-18.97		-6.08		
	152.81		-19.53		-5.32		
	152.89		-19.56		-5.10		
	152.98		-19.52		-4.81		
	153.06		-19.41		-4.49		
	153.17		-19.53		-4.69		
	153.23		-19.49		-4.64		
	153.33		-19.34		-4.86		
	153.41		-18.90		-6.35		
	153.48		-18.91		-7.58		
	153.55		-18.46		-7.77		
	153.63		-18.60		-7.51		
	153.72		-18.63		-7.47		
	153.77		-18.58		-7.28		
	153.84		-17.68		-6.57		
	153.94		-17.52		-6.53		
	154.00		-17.09		-6.46		
	154.08		-16.96		-6.44		
	154.17		-16.52		-5.94		
	154.25		-16.47		-5.87		
	154.33		-17.05		-6.15		
	154.44		-17.28		-7.17		
	154.48		-17.47		-7.41		
	154.55		-17.45		-7.36		
	154.61		-17.44		-7.59		
	154.69		-17.58		-7.86		
	154.77		-18.33		-7.99		
	154.84		-18.43		-8.13		
	154.91		-18.36		-8.08		
	154.97		-18.32		-8.11		
	155.06		-17.89		-7.99		
	155.14		-17.05		-7.94		
	155.27		-15.01		-7.30		
	155.36		-11.52		-6.75		
	155.42		-5.69		-6.15		
	155.50		0.21		-6.51		
	155.58		7.02		-8.70		
	155.66		7.25		-9.26		
	155.75		6.82		-9.39		
	155.84		6.53		-9.35		
	155.94		2.76		-9.46		
	155.98		-3.50		-8.92		
	156.09		-11.70		-9.00		
	156.11		-11.70		-9.00		
	156.17		-13.38		-9.14		
	156.25		-13.38		-9.14		
	156.31		-14.80		-9.93		
	156.42		-15.79		-10.01		
	156.50		-17.31		-9.89		
	156.64		-18.40		-10.15		
	156.70		-18.78		-10.14		
	156.80		-18.90		-9.98		
	156.92		-19.05		-9.61		
	157.00		-19.00		-9.48		
	157.06		-18.82		-9.47		
	157.16		-18.67		-9.26		
	157.30		-18.59		-9.15		
	157.41		-18.61		-9.35		
	157.52		-18.52		-9.60		
	157.66		-18.48		-9.48		
	157.80		-18.37		-9.40		
	157.89		-18.33		-9.15		
	158.03		-18.43		-8.95		
	158.17		-18.63		-8.85		
	158.28		-18.82		-9.02		
	158.41		-19.08		-9.26		
	158.48		-19.13		-9.54		
	158.55		-19.36		-9.64		
	158.63		-19.57		-9.66		
	158.69		-19.82		-9.68		
	158.77		-20.02		-9.38		
	158.81		-20.18		-8.68		
	158.91		-20.26		-8.34		
	158.98		-20.45		-7.38		
	159.05		-20.68		-6.12		
	159.14		-20.83		-5.56		
	159.20		-21.05		-5.30		
	159.27		-21.43		-4.24		
	159.36		-21.70		-2.99		
	159.44		-21.87		-2.02		
	159.52		-21.46		-1.51		
	159.58		-21.44		-0.98		
	159.66		-21.48		-0.58		
	159.73		-21.48		-0.10		
	159.86		-21.53		0.12		
	159.92		-21.43		0.50		
	160.02		-21.42		0.59		
	160.09		-21.34		0.34		
	160.16		-20.04		0.15		
	160.22		-10.95		-0.32		
	160.31		2.79		-0.94		
	160.38		5.82		-1.49		
	160.47		4.96		-2.28		
	160.55		0.13		-2.20		
	160.63		-4.83		-0.28		
	160.70		-9.78		1.04		
	160.78		-13.37		3.03		
	160.86		-14.01		3.50		
	160.91		-13.93		3.81		
	160.98		-14.75		4.47		
	161.08		-15.79		4.60		
	161.14		-16.75		5.11		
	161.28		-17.14		5.51		
	161.36		-17.13		5.56		
	161.42		-16.83		5.46		
	161.50		-16.74		5.26		
	161.58		-16.39		5.33		
	161.66		-16.19		5.31		
	161.73		-16.12		5.27		
	161.80		-15.85		5.26		
	161.89		-15.75		4.99		
	161.97		-15.84		4.91		
	162.05		-15.87		4.91		
	162.11		-16.27		5.23		
	162.19		-16.61		5.35		
	162.28		-16.72		5.35		
	162.36		-16.86		5.37		
	162.45		-16.81		5.35		
	162.53		-16.71		5.28		
	162.61		-16.39		5.10		
	162.67		-16.25		4.91		
	162.75		-16.03		4.75		
	162.84		-15.93		4.73		
	162.91		-15.84		4.75		
	162.98		-15.88		4.79		
	163.06		-15.85		4.85		
	163.16		-16.19		5.15		
	163.22		-16.59		6.44		
	163.33		-16.86		7.31		
	163.39		-16.97		7.68		
	163.48		-17.18		7.87		
	163.55		-17.28		7.97		
	163.63		-17.18		8.05		
	163.70		-17.16		7.95		
	163.78		-17.36		7.76		
	163.86		-17.45		7.74		
	163.94		-17.46		7.56		
	164.02		-17.57		7.33		
	164.11		-17.63		6.85		
	164.19		-17.63		6.27		
	164.28		-17.81		5.93		
	164.36		-17.78		5.95		
	164.45		-17.73		5.47		
	164.55		-17.74		4.93		
	164.63		-18.19		5.06		
	164.72		-18.32		4.97		
	164.78		-18.50		4.70		
	164.84		-18.67		4.77		
	164.94		-18.73		4.68		
	165.02		-18.72		4.47		
	165.11		-18.54		4.22		
	165.20		-18.38		4.01		
	165.28		-17.79		3.86		
	165.34		-16.60		3.41		
	165.41		-15.65		3.01		
	165.50		-13.07		1.68		
	165.56		-10.69		0.27		
	165.63		-8.35		-0.96		
	165.72		-5.51		-1.55		
	165.78		-2.35		-2.15		
	165.86		2.05		-4.48		
	165.95		3.96		-6.09		
	166.00		4.90		-6.91		
	166.08		4.86		-7.01		
	166.17		4.71		-6.83		
	166.25		4.63		-6.77		
	166.31		2.85		-6.31		
	166.41		-1.44		-4.90		
	166.50		-2.18		-4.62		
	166.56		-7.07		-2.26		
	166.63		-10.33		-0.04		
	166.70		-14.07		2.75		
	166.78		-16.07		4.24		
	166.86		-17.05		4.77		
	166.94		-17.62		5.19		
	167.03		-18.46		6.02		
	167.11		-18.85		6.45		
	167.19		-18.90		6.53		
	167.28		-18.46		6.22		
	167.34		-18.19		6.33		
	167.44		-18.31		6.57		
	167.52		-18.31		6.65		
	167.59		-18.24		6.65		
	167.67		-18.39		6.85		
	167.73		-18.45		6.87		
	167.83		-18.44		6.90		
	167.91		-18.30		6.97		
	167.97		-18.36		7.23		
	168.06		-18.62		7.46		
	168.13		-18.55		7.42		
	168.20		-18.28		7.43		
	168.28		-17.78		7.25		
	168.36		-17.96		7.33		
	168.42		-18.30		7.51		
	168.50		-18.07		7.18		
	168.61		-17.85		6.90		
	168.69		-17.56		6.78		
	168.77		-16.23		6.26		
	168.84		-15.53		5.86		
	168.94		-15.60		5.55		
	169.02		-15.70		5.18		
	169.11		-15.01		5.02		
	169.17		-14.60		4.85		
	169.25		-14.22		4.68		
	169.34		-12.78		4.31		
	169.42		-11.94		3.85		
	169.48		-9.81		3.26		
	169.64		-8.91		2.95		
	169.64		-8.83		3.04		
	169.73		-8.97		3.52		
	169.86		-9.83		3.90		
	169.95		-10.84		4.29		
	170.03		-11.61		4.46		
	170.05		-11.61		4.46		
	170.13		-11.68		4.44		
	170.20		-11.15		4.34		
	170.33		-10.63		4.31		
	170.39		-10.46		4.27		
	170.53		-10.00		4.04		
	170.63		-9.50		3.69		
	170.77		-9.52		3.74		
	170.88		-9.78		3.95		
	171.05		-10.32		4.26		
	171.14		-10.14		4.17		
	171.28		-10.13		4.28		
	171.47		-9.61		4.05		
	171.56		-9.17		3.96		
	171.63		-9.04		4.01		
	171.72		-9.44		3.92		
	171.81		-11.22		4.17		
	171.88		-13.81		4.74		
	171.95		-17.13		4.59		
	172.08		-18.98		4.61		
	172.14		-18.56		4.60		
	172.22		-14.55		4.65		
	172.30		-9.14		4.92		
	172.39		-3.63		4.62		
	172.47		-0.39		4.17		
	172.59		1.46		3.56		
	172.64		4.02		2.92		
	172.72		4.85		2.37		
	172.78		5.63		1.86		
	172.88		6.29		1.93		
	172.92		6.45		2.07		
	173.02		6.89		2.65		
	173.09		7.18		2.87		
	173.14		8.40		2.88		
	173.22		9.20		2.74		
	173.31		10.49		2.81		
	173.36		10.75		2.99		
	173.45		10.74		3.05		
	173.50		10.80		3.18		
	173.56		10.81		3.29		
	173.64		10.80		3.52		
	173.70		10.86		3.88		
	173.78		10.98		4.06		
	173.91		12.00		4.12		
	173.98		12.28		4.13		
	174.08		11.71		4.32		
	174.16		10.78		4.78		
	174.22		9.91		5.09		
	174.31		9.33		5.50		
	174.41		9.41		5.69		
	174.47		9.05		5.70		
	174.56		7.90		5.71		
	174.63		7.03		5.68		
	174.72		6.25		5.63		
	174.77		5.74		5.68		
	174.83		5.53		5.80		
	174.91		4.84		5.84		
	174.97		4.78		6.11		
	175.05		5.12		6.15		
	175.16		8.10		6.26		
	175.23		8.41		6.30		
	175.31		6.17		6.10		
	175.41		3.57		6.38		
	175.47		0.60		6.33		
	175.56		-0.49		6.56		
	175.64		-0.43		6.50		
	175.73		0.71		6.23		
	175.81		2.18		5.70		
	175.89		3.46		5.51		
	175.97		4.27		5.34		
	176.05		6.05		4.91		
	176.14		6.97		4.75		
	176.22		8.97		4.36		
	176.30		9.90		4.30		
	176.38		11.05		4.19		
	176.45		11.16		4.31		
	176.56		11.19		4.32		
	176.63		10.91		4.27		
	176.70		10.83		4.85		
	176.77		10.89		4.99		
	176.84		11.01		5.02		
	176.92		10.61		4.97		
	177.02		10.08		4.51		
	177.08		10.04		4.15		
	177.17		10.20		4.18		
	177.23		10.22		4.17		
	177.33		10.48		4.13		
	177.42		10.46		4.19		
	177.50		10.68		3.99		
	177.63		10.56		3.92		
	177.67		10.32		3.81		
	177.73		9.89		3.81		
	177.83		9.56		3.93		
	177.91		9.74		3.89		
	177.98		10.20		3.75		
	178.06		10.12		3.77		
	178.14		10.38		3.57		
	178.22		10.69		3.37		
	178.36		10.65		3.25		
	178.45		10.31		3.22		
	178.50		10.01		3.25		
	178.59		9.68		3.26		
	178.69		9.49		3.03		
	178.75		9.99		3.11		
	178.81		11.54		3.25		
	178.92		12.61		3.25		
	179.02		12.58		3.19		
	179.11		12.60		3.05		
	179.16		12.38		2.69		
	179.25		12.12		1.63		
	179.33		11.90		0.89		
	179.42		11.94		1.07		
	179.48		11.42		1.04		
	179.56		11.27		1.58		
	179.63		10.56		1.67		
	179.72		7.96		1.67		
	179.78		6.48		2.00		
	179.88		6.50		2.37		
	179.95		6.73		2.84		
	180.03		6.29		3.53		
	180.13		5.85		3.73		
	180.20		4.16		4.19		
	180.28		2.73		4.32		
	180.38		1.46		4.94		
	180.47		2.50		5.28		
	180.58		4.34		4.95		
	180.69		5.19		4.64		
	180.78		5.28		4.69		
	180.88		3.81		4.69		
	180.98		2.59		4.69		
	181.06		1.08		4.77		
	181.16		0.38		4.67		
	181.27		-0.89		4.66		
	181.38		-1.35		4.89		
	181.48		-0.42		5.21		
	181.58		-0.08		5.22		
	181.69		-0.27		5.14		
	181.80		-1.32		4.81		
	181.92		-2.03		4.46		
	182.03		-2.53		3.93		
	182.14		-2.78		4.04		
	182.27		-3.43		4.06		
	182.38		-3.34		3.99		
	182.48		-2.36		3.91		
	182.58		-0.62		3.70		
	182.69		1.24		3.44		
	182.80		2.49		3.19		
	182.92		3.85		2.91		
	183.08		4.80		2.66		
	183.16		6.05		2.37		
	183.27		6.62		2.32		
	183.38		7.63		2.24		
	183.50		8.36		2.22		
	183.59		9.32		2.18		
	183.67		9.79		2.28		
	183.86		10.08		2.17		
	184.00		10.26		2.17		
	184.16		10.04		2.33		
	184.34		10.10		2.35		
	184.53		9.93		2.25		
	184.67		9.19		2.32		
	184.83		8.85		2.24		
	184.97		8.78		2.23		
	185.13		9.81		2.18		
	185.25		10.73		2.36		
	185.34		10.41		1.81		
	185.42		10.38		1.00		
	185.50		10.57		-0.12		
	185.64		9.20		-0.59		
	185.75		6.32		-0.36		
	185.84		2.58		-0.04		
	185.97		-0.39		-0.07		
	186.06		-3.31		-0.31		
	186.17		-6.75		-0.86		
	186.27		-10.41		-0.52		
	186.38		-14.21		0.22		
	186.48		-15.66		1.20		
	186.66		-16.09		2.18		
	186.67		-16.09		2.18		
	186.75		-16.71		2.93		
	186.88		-17.20		3.63		
	186.97		-17.05		3.86		
	187.11		-17.04		3.63		
	187.19		-17.20		3.15		
	187.28		-17.29		2.72		
	187.39		-17.38		2.09		
	187.50		-17.13		1.92		
	187.66		-16.62		1.19		
	187.75		-16.63		0.96		
	187.89		-16.23		0.57		
	188.05		-15.81		0.60		
	188.13		-15.77		0.83		
	188.31		-16.02		1.27		
	188.45		-16.49		1.71		
	188.52		-16.72		1.89		
	188.64		-17.10		2.44		
	188.77		-17.36		2.90		
	188.86		-17.63		2.98		
	188.94		-17.58		2.67		
	189.03		-17.51		2.55		
	189.13		-17.38		3.02		
	189.22		-17.21		3.20		
	189.31		-17.28		3.19		
	189.42		-17.37		3.34		
	189.55		-16.19		3.39		
	189.67		-14.47		2.82		
	189.78		-14.03		2.04		
	189.88		-13.71		1.80		
	189.97		-13.89		2.08		
	190.06		-14.10		2.52		
	190.16		-14.03		2.70		
	190.25		-13.75		3.30		
	190.34		-14.06		3.95		
	190.45		-15.22		4.44		
	190.56		-16.27		4.44		
	190.67		-16.87		4.46		
	190.77		-17.38		4.31		
	190.91		-17.45		4.27		
	191.02		-17.52		4.16		
	191.14		-17.49		4.03		
	191.22		-17.44		3.82		
	191.34		-17.56		3.80		
	191.45		-17.91		3.88		
	191.55		-18.29		3.56		
	191.64		-18.48		3.37		
	191.73		-18.70		3.35		
	191.88		-18.49		3.17		
	191.97		-18.87		3.24		
	192.06		-19.00		2.58		
	192.17		-18.50		1.94		
	192.30		-18.70		2.05		
	192.33		-18.77		2.08		
	192.39		-18.71		2.01		
	192.50		-18.54		1.97		
	192.64		-18.59		1.95		
	192.89		-18.47		1.99		
	193.02		-17.07		1.11		
	193.09		-15.35		0.31		
	193.20		-13.82		0.05		
	193.27		-13.85		0.19		
	193.38		-14.56		0.65		
	193.48		-15.02		1.06		
	193.56		-14.59		1.22		
	193.67		-14.15		1.41		
	193.77		-12.87		1.33		
	193.88		-12.05		1.45		
	194.02		-8.98		1.71		
	194.13		-7.23		1.48		
	194.20		-6.61		1.21		
	194.31		-6.65		1.49		
	194.42		-7.37		1.76		
	194.55		-8.27		1.93		
	194.64		-10.35		2.01		
	194.75		-12.43		2.84		
	194.84		-13.68		4.33		
	194.95		-14.40		4.57		
	195.06		-15.03		5.96		
	195.17		-15.13		6.76		
	195.28		-15.33		6.78		
	195.42		-15.88		6.30		
	195.52		-16.06		6.04		
	195.64		-16.83		5.77		
	195.73		-17.24		5.63		
	195.86		-17.38		5.71		
	195.98		-17.56		5.68		
	196.08		-17.43		5.38		
	196.17		-17.36		5.26		
	196.30		-17.35		4.60		
	196.38		-17.27		3.78		
	196.48		-17.26		3.22		
	196.59		-16.66		2.21		
	196.70		-16.46		2.08		
	196.80		-16.89		2.58		
	196.86		-17.04		3.11		
	196.97		-16.71		3.15		
	197.08		-15.70		3.37		
	197.17		-14.93		3.43		
	197.28		-14.29		3.64		
	197.41		-14.04		3.98		
	197.55		-13.94		4.62		
	197.64		-14.64		5.40		
	197.73		-15.48		5.79		
	197.84		-16.12		6.08		
	197.98		-16.54		6.04		
	198.06		-16.84		5.97		
	198.17		-17.00		6.17		
	198.31		-13.57		6.93		
	198.41		-9.87		6.99		
	198.48		-8.04		6.80		
	198.58		-1.93		5.35		
	198.69		5.05		4.86		
