	 time 		 X 		 Y

	58.00		-2.81		-2.69		
	58.13		-3.21		-3.04		
	58.25		-3.20		-3.58		
	58.34		-3.35		-4.19		
	58.45		-3.31		-4.40		
	58.58		-3.40		-4.58		
	58.67		-3.41		-4.58		
	58.77		-3.42		-4.57		
	58.89		-3.04		-4.33		
	59.02		-2.36		-3.84		
	59.13		-2.14		-3.06		
	59.23		-2.37		-2.73		
	59.34		-2.97		-2.90		
	59.44		-2.65		-3.13		
	59.55		-1.74		-3.21		
	59.66		-0.71		-2.94		
	59.77		0.26		-2.06		
	59.88		1.80		-0.91		
	59.95		3.89		-0.00		
	60.06		5.64		0.00		
	60.16		6.06		-0.59		
	60.28		7.28		-1.17		
	60.38		8.17		-0.91		
	60.48		9.09		-0.56		
	60.58		9.93		-0.20		
	60.69		10.70		0.12		
	60.83		11.14		0.52		
	60.98		10.57		0.95		
	61.09		9.83		1.07		
	61.17		9.48		1.25		
	61.28		10.05		1.57		
	61.38		10.39		1.89		
	61.48		10.66		2.05		
	61.59		10.75		2.06		
	61.69		10.73		1.66		
	61.80		10.67		1.39		
	61.92		10.57		1.26		
	62.05		10.27		1.42		
	62.23		9.96		1.54		
	62.36		9.82		1.75		
	62.47		9.95		1.93		
	62.56		10.19		2.15		
	62.66		10.48		2.23		
	62.73		10.46		2.27		
	62.86		10.30		2.37		
	62.97		10.31		2.54		
	63.03		10.23		2.66		
	63.13		9.91		2.72		
	63.23		10.00		2.61		
	63.34		10.03		2.62		
	63.52		10.27		2.76		
	63.59		10.14		2.63		
	63.69		10.41		2.51		
	63.80		10.36		2.41		
	63.91		10.41		2.24		
	64.02		10.50		2.10		
	64.14		10.67		2.03		
	64.23		10.70		2.07		
	64.33		10.57		2.16		
	64.42		10.49		2.26		
	64.53		10.33		2.22		
	64.63		10.22		2.29		
	64.72		10.25		2.36		
	64.83		10.34		2.52		
	64.89		10.46		2.83		
	65.03		10.58		3.20		
	65.11		10.51		3.69		
	65.22		10.17		4.17		
	65.31		10.17		4.62		
	65.42		10.09		4.60		
	65.52		9.90		4.38		
	65.63		10.06		4.09		
	65.72		10.14		3.86		
	65.83		9.83		2.77		
	65.95		10.26		2.54		
	66.05		11.53		2.19		
	66.19		12.15		1.83		
	66.28		12.25		1.27		
	66.41		12.38		0.34		
	66.48		12.44		-0.95		
	66.59		12.13		-1.58		
	66.70		10.22		-2.21		
	66.81		8.33		-1.44		
	66.92		8.10		-0.19		
	67.03		8.13		0.27		
	67.09		8.08		0.33		
	67.20		8.00		0.35		
	67.31		7.95		0.40		
	67.42		8.15		0.45		
	67.55		9.15		0.36		
	67.64		9.59		-0.13		
	67.73		9.46		-0.61		
	67.84		9.20		-0.93		
	67.94		8.73		-1.11		
	68.05		8.40		-1.05		
	68.14		8.06		-1.05		
	68.25		7.48		-1.40		
	68.36		6.75		-1.69		
	68.47		6.33		-1.59		
	68.56		5.58		-1.53		
	68.67		5.01		-1.32		
	68.78		3.95		-0.86		
	68.86		2.87		-0.57		
	68.98		1.24		-0.43		
	69.09		-0.40		-0.11		
	69.20		-1.27		0.32		
	69.28		-2.34		1.18		
	69.38		-2.76		1.52		
	69.47		-3.01		1.74		
	69.58		-4.95		2.72		
	69.69		-6.37		3.14		
	69.80		-7.57		2.91		
	69.92		-9.28		2.69		
	70.02		-10.47		2.76		
	70.13		-10.77		2.66		
	70.22		-10.39		1.68		
	70.31		-9.42		0.91		
	70.42		-8.23		1.42		
	70.55		-6.48		1.37		
	70.61		-4.78		1.60		
	70.72		-1.71		3.12		
	70.84		0.90		4.69		
	70.95		1.73		5.44		
	71.05		2.12		5.76		
	71.16		2.55		6.36		
	71.31		2.86		7.14		
	71.50		3.54		8.06		
	71.75		3.72		7.69		
	71.94		3.39		8.00		
	72.06		2.64		8.37		
	72.25		2.55		8.34		
	72.38		2.81		8.22		
	72.56		3.60		7.55		
	72.72		4.07		6.22		
	72.84		4.21		5.32		
	72.95		4.04		5.18		
	73.05		3.73		4.96		
	73.16		3.38		4.41		
	73.25		3.02		3.81		
	73.36		2.81		3.42		
	73.47		2.67		2.69		
	73.56		2.95		1.84		
	73.67		2.33		0.23		
	73.81		1.01		-1.54		
	73.92		0.58		-2.23		
	74.00		1.23		-2.50		
	74.13		1.99		-3.15		
	74.23		1.67		-3.92		
	74.36		1.27		-4.39		
	74.42		0.44		-4.76		
	74.53		-1.01		-4.99		
	74.75		-3.93		-5.27		
	74.88		-4.85		-5.20		
	74.89		-5.51		-4.90		
	74.97		-6.80		-3.36		
	75.08		-8.38		-1.64		
	75.17		-9.71		-0.15		
	75.25		-10.50		0.84		
	75.36		-12.98		2.28		
	75.45		-13.91		2.63		
	75.56		-13.46		2.87		
	75.66		-13.06		2.62		
	75.78		-12.77		2.65		
	75.86		-13.37		3.02		
	75.95		-14.39		3.36		
	76.06		-15.08		3.50		
	76.17		-15.45		3.36		
	76.25		-15.89		3.34		
	76.34		-15.77		3.13		
	76.44		-15.55		2.78		
	76.55		-15.08		2.31		
	76.67		-14.16		1.91		
	76.75		-12.57		1.46		
	76.86		-8.88		1.53		
	76.95		-5.28		2.16		
	77.08		-0.57		2.01		
	77.17		2.37		1.63		
	77.28		3.79		2.34		
	77.39		6.68		2.59		
	77.48		9.76		2.54		
	77.58		11.35		2.36		
	77.69		11.17		2.20		
	77.83		10.04		2.26		
	77.92		9.29		2.42		
	78.03		9.76		2.46		
	78.11		10.18		3.40		
	78.22		11.48		2.85		
	78.33		13.03		1.21		
	78.42		14.09		0.65		
	78.55		14.42		0.60		
	78.63		14.50		0.34		
	78.75		14.28		-1.91		
	78.88		11.33		-3.60		
	78.97		8.94		-4.95		
	79.11		5.17		-5.62		
	79.25		0.95		-5.62		
	79.33		-3.20		-5.86		
	79.50		-8.59		-8.08		
	79.55		-9.10		-8.53		
	79.63		-10.05		-9.36		
	79.75		-11.99		-10.96		
	79.86		-12.37		-11.25		
	79.95		-11.78		-11.21		
	80.06		-11.15		-11.13		
	80.16		-10.73		-10.42		
	80.25		-11.10		-10.45		
	80.36		-11.03		-10.41		
	80.45		-10.83		-10.17		
	80.56		-10.46		-9.89		
	80.67		-10.08		-9.51		
	80.75		-9.63		-8.74		
	80.89		-9.07		-7.03		
	80.98		-6.75		-0.31		
	81.08		-5.23		3.49		
	81.17		-4.54		5.50		
	81.27		-4.27		6.33		
	81.36		-3.74		6.71		
	81.50		-2.91		6.81		
	81.58		-2.89		6.19		
	81.69		-3.77		4.61		
	81.78		-3.09		-0.73		
	81.89		-3.69		-2.27		
	81.97		-4.54		-2.51		
	82.08		-4.05		-2.29		
	82.16		-3.85		-2.28		
	82.25		-3.76		-2.70		
	82.34		-5.46		-4.15		
	82.44		-8.32		-5.80		
	82.55		-9.95		-6.90		
	82.67		-10.26		-7.19		
	82.75		-10.68		-7.68		
	82.86		-11.47		-7.70		
	82.97		-11.39		-7.28		
	83.06		-11.25		-6.85		
	83.16		-11.35		-6.62		
	83.27		-11.51		-6.25		
	83.36		-11.64		-5.38		
	83.45		-11.77		-4.79		
	83.55		-12.11		-4.54		
	83.66		-13.00		-5.05		
	83.77		-13.88		-5.82		
	83.88		-14.24		-6.12		
	84.03		-13.94		-5.68		
	84.11		-13.04		-4.77		
	84.23		-12.80		-4.48		
	84.36		-10.59		-2.91		
	84.44		-4.55		0.53		
	84.53		-2.02		2.10		
	84.64		-0.35		3.05		
	84.75		-0.34		3.00		
	84.86		-3.85		0.82		
	84.95		-11.83		-4.07		
	85.05		-14.59		-5.24		
	85.14		-15.40		-4.75		
	85.25		-15.09		-4.29		
	85.34		-15.22		-4.55		
	85.44		-15.44		-4.61		
	85.55		-15.61		-4.44		
	85.67		-15.35		-3.69		
	85.78		-15.20		-3.41		
	85.98		-14.99		-3.55		
	86.19		-14.58		-3.92		
	86.34		-13.83		-4.22		
	86.50		-13.12		-4.02		
	86.69		-12.44		-3.69		
	86.84		-9.87		-3.21		
	86.98		-7.31		-2.50		
	87.16		-4.23		-1.22		
	87.22		-0.67		0.22		
	87.33		2.21		1.72		
	87.42		2.65		2.12		
	87.52		2.22		2.33		
	87.63		1.89		2.59		
	87.75		1.39		2.08		
	87.84		1.03		1.36		
	87.92		0.81		0.80		
	88.03		0.31		0.04		
	88.17		-0.86		-0.28		
	88.25		-2.49		0.39		
	88.36		-4.20		1.19		
	88.45		-4.93		2.86		
	88.56		-5.54		3.41		
	88.67		-7.20		2.47		
	88.77		-9.02		1.31		
	88.86		-11.74		-0.86		
	88.95		-12.52		-1.92		
	89.08		-12.68		-3.61		
	89.19		-11.90		-4.73		
	89.28		-11.82		-5.01		
	89.39		-11.99		-5.28		
	89.50		-12.36		-5.35		
	89.61		-12.38		-5.06		
	89.72		-12.22		-5.07		
	89.83		-11.65		-5.01		
	89.94		-10.80		-5.02		
	90.06		-10.13		-4.24		
	90.14		-9.62		-3.10		
	90.28		-9.69		-2.99		
	90.39		-11.97		-4.92		
	90.50		-14.35		-7.42		
	90.61		-14.93		-7.72		
	90.72		-15.22		-7.11		
	90.83		-15.19		-7.44		
	90.94		-14.89		-8.29		
	91.05		-14.43		-9.19		
	91.16		-14.33		-9.50		
	91.23		-14.08		-9.69		
	91.33		-13.68		-8.91		
	91.45		-11.79		-7.54		
	91.52		-9.95		-5.94		
	91.64		-7.46		-4.11		
	91.75		-4.58		-2.32		
	91.84		-3.18		-1.18		
	91.94		-2.00		-0.15		
	92.03		-1.24		0.50		
	92.13		0.17		1.08		
	92.25		2.68		1.63		
	92.36		5.13		2.46		
	92.47		8.28		3.77		
	92.55		10.09		3.28		
	92.69		10.41		1.57		
	92.81		10.30		1.30		
	92.88		10.30		0.79		
	92.98		9.09		-0.23		
	93.11		2.16		-3.23		
	93.23		-3.92		-5.34		
	93.36		-8.66		-7.05		
	93.47		-11.79		-7.90		
	93.55		-13.54		-8.48		
	93.66		-15.66		-9.07		
	93.77		-16.66		-8.95		
	93.86		-16.02		-8.69		
	93.98		-14.42		-8.03		
	94.08		-10.08		-6.04		
	94.22		-2.89		-3.36		
	94.31		8.03		-0.68		
	94.41		10.82		-0.48		
	94.52		10.68		-0.12		
	94.61		9.07		0.60		
	94.72		5.93		0.64		
	94.83		4.18		0.72		
	94.92		-3.86		-0.10		
	95.05		-10.34		-2.23		
	95.16		-15.32		-5.09		
	95.23		-17.02		-6.46		
	95.34		-18.85		-6.41		
	95.45		-19.86		-5.31		
	95.58		-20.87		-4.09		
	95.66		-21.35		-3.60		
	95.80		-21.57		-3.06		
	95.89		-21.55		-3.11		
	96.00		-20.60		-3.72		
	96.11		-19.14		-6.03		
	96.20		-18.47		-7.11		
	96.30		-17.69		-7.95		
	96.39		-13.03		-7.26		
	96.50		-9.20		-5.27		
	96.63		-5.88		-3.07		
	96.75		-4.43		-2.54		
	96.88		-2.24		-3.32		
	97.00		1.60		-3.71		
	97.09		4.99		-3.53		
	97.20		6.81		-2.08		
	97.30		8.07		-1.66		
	97.44		7.69		-1.75		
	97.50		7.25		-1.95		
	97.59		6.84		-2.16		
	97.69		6.24		-1.94		
	97.77		6.35		-1.91		
	97.86		7.37		-0.82		
	97.97		8.42		1.11		
	98.08		9.25		3.06		
	98.19		9.11		4.20		
	98.30		8.64		5.09		
	98.42		7.69		5.34		
	98.53		7.85		5.44		
	98.63		8.68		6.03		
	98.70		8.35		6.97		
	98.83		7.99		7.83		
	98.95		7.86		8.13		
	99.05		8.32		8.43		
	99.16		8.65		8.20		
	99.27		8.76		8.11		
	99.39		8.87		8.31		
	99.48		8.89		8.50		
	99.59		8.79		8.40		
	99.69		8.62		7.99		
	99.78		8.04		7.60		
	99.89		4.43		6.02		
	100.00		-1.77		3.59		
	100.11		-5.79		1.81		
	100.23		-11.38		-1.32		
	100.44		-12.65		-1.58		
	100.58		-16.19		-1.36		
	100.77		-17.79		-1.21		
	100.91		-18.67		-0.65		
	101.09		-18.78		-0.44		
	101.25		-18.41		-0.61		
	101.39		-18.88		-0.79		
	101.53		-19.60		-0.67		
	101.64		-19.69		0.08		
	101.73		-19.39		0.85		
	101.81		-18.87		1.80		
	101.91		-18.74		2.07		
	102.05		-18.93		1.75		
	102.13		-19.23		1.55		
	102.22		-19.37		1.42		
	102.31		-19.03		1.35		
	102.41		-18.65		1.50		
	102.50		-16.40		2.09		
	102.61		-10.34		3.64		
	102.70		-3.07		4.25		
	102.80		2.43		3.73		
	102.91		7.01		2.61		
	103.05		10.20		1.49		
	103.13		10.76		1.20		
	103.23		10.35		1.19		
	103.34		10.81		1.44		
	103.44		12.04		1.63		
	103.52		12.48		1.42		
	103.63		10.70		1.01		
	103.73		9.43		0.05		
	103.80		9.21		-0.63		
	103.89		9.95		-1.47		
	104.00		10.37		-1.34		
	104.09		10.41		-0.78		
	104.22		10.09		-0.24		
	104.31		9.85		-0.10		
	104.41		9.25		-0.23		
	104.53		8.95		-0.66		
	104.64		9.00		-0.61		
	104.77		9.22		-0.31		
	104.84		9.38		-0.09		
	104.94		9.86		-0.14		
	105.06		11.53		-0.33		
	105.17		9.79		-0.01		
	105.30		7.57		-0.07		
	105.39		8.88		-0.08		
	105.47		8.88		0.24		
	105.58		7.36		0.20		
	105.66		6.71		-0.10		
	105.75		6.46		-0.29		
	105.86		6.98		-0.56		
	106.02		7.27		-1.00		
	106.13		7.23		-1.45		
	106.22		7.27		-1.70		
	106.34		7.39		-1.92		
	106.44		7.39		-2.19		
	106.55		7.25		-2.54		
	106.64		7.32		-2.42		
	106.75		7.18		-2.30		
	106.86		7.09		-2.31		
	106.95		7.18		-2.29		
	107.08		7.06		-2.21		
	107.19		6.91		-1.95		
	107.28		6.74		-1.80		
	107.39		6.61		-1.49		
	107.50		6.95		-1.16		
	107.61		7.35		-1.18		
	107.73		7.85		-1.37		
	107.80		8.72		-1.57		
	107.91		9.17		-1.72		
	108.02		9.02		-1.84		
	108.13		8.69		-1.95		
	108.20		8.46		-1.96		
	108.31		8.10		-1.97		
	108.44		7.25		-1.78		
	108.58		6.10		-1.48		
	108.69		4.06		-0.97		
	108.86		0.95		-0.11		
	108.89		-0.49		0.15		
	108.95		-3.07		0.59		
	109.05		-4.67		0.88		
	109.17		-7.00		1.37		
	109.27		-7.97		1.74		
	109.34		-7.74		1.94		
	109.44		-7.62		2.08		
	109.53		-8.02		2.04		
	109.69		-8.55		1.95		
	109.78		-8.94		1.79		
	109.88		-9.24		1.63		
	109.97		-9.12		1.53		
	110.05		-8.63		1.60		
	110.16		-7.65		1.70		
	110.30		-6.24		1.86		
	110.38		-4.58		1.66		
	110.47		-2.81		1.49		
	110.56		-0.98		1.23		
	110.67		0.70		0.99		
	110.78		2.63		0.71		
	110.92		4.88		0.43		
	111.05		6.88		0.05		
	111.08		7.42		-0.09		
	111.17		9.11		-0.69		
	111.28		10.42		-1.17		
	111.39		11.12		-1.49		
	111.50		11.30		-1.58		
	111.59		11.33		-1.46		
	111.69		11.25		-1.32		
	111.77		11.06		-1.21		
	111.88		10.99		-0.88		
	111.98		10.99		-0.63		
	112.11		10.93		-0.53		
	112.23		11.60		-0.63		
	112.34		12.07		-0.69		
	112.45		12.36		-0.78		
	112.55		11.84		-0.64		
	112.63		9.91		-0.37		
	112.75		7.47		-0.16		
	112.83		6.21		-0.01		
	112.91		5.46		-0.04		
	113.06		4.75		0.11		
	113.14		4.79		0.19		
	113.28		4.96		0.22		
	113.36		5.22		0.13		
	113.47		5.39		0.08		
	113.64		5.97		-0.22		
	113.72		6.19		-0.35		
	113.77		6.48		-0.46		
	113.84		6.83		-0.56		
	113.92		6.97		-0.50		
	114.02		7.12		-0.43		
	114.11		7.12		-0.41		
	114.20		7.19		-0.59		
	114.31		6.92		-1.01		
	114.42		6.88		-1.02		
	114.55		6.71		-0.98		
	114.69		6.47		-1.01		
	114.86		6.70		-1.07		
	115.02		6.83		-1.16		
	115.16		6.83		-1.16		
	115.34		6.61		-1.40		
	115.50		6.64		-1.48		
	115.64		9.04		-2.02		
	115.80		10.40		-2.22		
	115.88		10.94		-2.04		
	115.97		9.50		-1.59		
	116.08		6.85		-0.95		
	116.17		2.08		-0.33		
	116.30		1.14		-0.33		
	116.39		-5.88		-0.54		
	116.50		-10.71		-1.16		
	116.61		-12.37		-3.48		
	116.70		-13.41		-4.20		
	116.81		-15.76		-3.14		
	116.92		-16.04		-1.47		
	117.03		-15.89		-0.60		
	117.11		-16.41		-0.42		
	117.22		-19.01		-1.01		
	117.30		-19.67		-0.82		
	117.39		-18.42		-0.60		
	117.50		-17.27		-0.99		
	117.59		-17.37		-1.40		
	117.70		-17.40		-1.54		
	117.81		-17.18		-1.70		
	117.95		-16.80		-1.81		
	118.05		-16.38		-1.99		
	118.16		-16.19		-2.20		
	118.25		-15.79		-2.26		
	118.38		-15.32		-2.27		
	118.47		-14.96		-2.26		
	118.56		-14.78		-2.30		
	118.64		-14.74		-2.47		
	118.77		-14.79		-2.73		
	118.88		-14.85		-3.03		
	119.02		-14.97		-3.34		
	119.13		-14.87		-3.21		
	119.23		-14.84		-3.19		
	119.34		-14.79		-3.28		
	119.41		-14.57		-3.57		
	119.50		-14.27		-3.86		
	119.59		-13.97		-3.95		
	119.70		-13.99		-3.78		
	119.80		-14.24		-3.36		
	119.91		-14.68		-2.98		
	120.02		-14.83		-2.99		
	120.11		-14.90		-3.07		
	120.19		-14.85		-2.85		
	120.30		-14.99		-2.42		
	120.41		-15.25		-1.80		
	120.53		-15.97		-1.26		
	120.63		-16.44		-1.58		
	120.75		-17.68		-2.84		
	120.83		-15.96		-4.09		
	120.94		-14.01		-3.88		
	121.03		-12.59		-3.45		
	121.14		-12.22		-3.30		
	121.25		-12.00		-3.00		
	121.38		-10.60		-2.66		
	121.45		-9.25		-2.31		
	121.56		-8.77		-2.20		
	121.64		-8.41		-2.03		
	121.75		-7.76		-1.79		
	121.84		-7.49		-1.82		
	121.94		-7.63		-2.06		
	122.05		-8.98		-2.98		
	122.16		-12.45		-4.61		
	122.28		-15.76		-5.32		
	122.38		-18.32		-4.36		
	122.48		-18.47		-4.06		
	122.58		-19.50		-1.64		
	122.69		-19.57		-0.79		
	122.80		-19.41		-0.86		
	122.89		-19.14		-1.31		
	123.00		-19.06		-1.61		
	123.14		-20.57		-1.80		
	123.23		-20.90		-1.67		
	123.33		-21.44		-1.49		
	123.45		-21.58		-1.24		
	123.55		-21.38		-1.22		
	123.64		-20.67		-1.09		
	123.73		-17.54		-0.20		
	123.84		-13.51		0.97		
	123.97		-11.61		1.87		
	124.03		-11.45		2.05		
	124.16		-11.27		2.06		
	124.25		-10.50		2.31		
	124.34		-10.47		2.36		
	124.45		-13.49		0.96		
	124.63		-13.94		0.26		
	124.70		-12.98		0.67		
	124.81		-11.29		1.16		
	124.92		-10.63		1.22		
	125.03		-10.05		1.17		
	125.13		-9.76		1.30		
	125.20		-9.55		1.43		
	125.31		-9.26		1.62		
	125.42		-9.47		1.44		
	125.55		-10.69		0.73		
	125.66		-12.08		-0.03		
	125.83		-13.72		-0.98		
	125.94		-14.66		-1.58		
	126.03		-15.06		-1.82		
	126.17		-15.54		-2.12		
	126.20		-15.54		-2.12		
	126.30		-16.38		-2.57		
	126.41		-17.22		-2.98		
	126.50		-18.09		-3.46		
	126.61		-18.40		-3.74		
	126.72		-17.55		-3.29		
	126.84		-14.98		-2.16		
	126.94		-11.51		-0.56		
	127.08		-9.58		0.18		
	127.09		-9.43		0.27		
	127.19		-9.85		0.29		
	127.34		-11.26		-0.27		
	127.48		-13.59		-1.65		
	127.56		-14.73		-2.42		
	127.70		-15.40		-2.83		
	127.80		-16.75		-3.51		
	127.91		-17.76		-3.84		
	128.02		-18.08		-3.43		
	128.11		-18.27		-3.30		
	128.22		-18.71		-3.46		
	128.31		-18.79		-3.62		
	128.42		-18.58		-3.30		
	128.53		-17.87		-2.70		
	128.64		-16.68		-2.15		
	128.75		-15.44		-1.58		
	128.86		-14.71		-1.20		
	129.03		-13.19		-0.87		
	129.13		-12.75		-0.91		
	129.23		-12.34		-0.91		
	129.33		-12.08		-0.94		
	130.78		-14.96		-3.03		
	130.84		-15.00		-3.27		
	130.94		-14.83		-3.60		
	131.05		-14.72		-3.87		
	131.14		-14.59		-4.05		
	131.22		-14.57		-4.00		
	131.28		-15.25		-3.71		
	131.39		-15.79		-3.56		
	131.48		-16.13		-3.47		
	131.58		-16.39		-3.72		
	131.67		-16.76		-4.08		
	131.77		-17.01		-4.22		
	131.88		-16.83		-4.12		
	132.00		-16.42		-4.04		
	132.09		-15.12		-3.87		
	132.19		-13.71		-4.14		
	132.28		-12.94		-3.23		
	132.38		-11.94		-2.63		
	132.45		-9.86		-1.74		
	132.56		-8.29		-1.09		
	132.69		-3.91		0.33		
	132.81		-0.90		1.65		
	132.88		0.64		2.41		
	133.03		3.21		3.50		
	133.16		5.31		3.71		
	133.28		6.45		3.73		
	133.38		7.49		3.47		
	133.47		8.17		3.20		
	133.58		8.99		2.86		
	133.70		9.29		3.07		
	133.81		9.11		3.25		
	133.91		8.64		3.72		
	134.02		8.11		4.14		
	134.11		7.78		4.65		
	134.23		7.91		4.91		
	134.31		8.07		5.16		
	134.42		8.08		5.34		
	134.55		8.73		5.54		
	134.64		9.27		5.59		
	134.77		9.42		5.74		
	134.86		8.96		5.86		
	135.03		6.82		5.98		
	135.05		6.48		6.01		
	135.13		5.25		6.07		
	135.23		4.54		5.96		
	135.34		3.77		5.94		
	135.44		2.91		5.90		
	135.56		1.89		5.73		
	135.64		1.16		5.44		
	135.73		0.30		5.12		
	135.84		-0.39		4.85		
	135.97		-1.02		4.40		
	136.06		-1.62		4.01		
	136.19		-2.28		3.66		
	136.30		-2.85		3.33		
	136.42		-3.16		3.24		
	136.52		-3.73		3.10		
	136.63		-4.07		2.97		
	136.73		-4.03		2.87		
	136.84		-3.58		2.97		
	136.92		-3.02		3.03		
	137.03		-2.79		3.13		
	137.17		-3.01		3.27		
	137.25		-3.42		3.36		
	137.36		-4.00		3.23		
	137.45		-4.34		3.04		
	137.56		-5.08		2.63		
	137.69		-5.85		2.24		
	137.81		-6.86		1.55		
	137.88		-7.83		0.91		
	138.00		-8.92		-0.26		
	138.11		-9.30		-1.26		
	138.22		-9.88		-1.80		
	138.34		-10.10		-2.08		
	138.42		-10.12		-2.33		
	138.53		-10.06		-2.71		
	138.64		-10.00		-2.75		
	138.73		-10.30		-2.44		
	138.83		-10.27		-2.28		
	138.94		-10.25		-2.22		
	139.03		-9.99		-2.32		
	139.17		-9.84		-2.54		
	139.28		-9.71		-2.69		
	139.39		-9.41		-2.74		
	139.48		-9.25		-2.89		
	139.61		-9.40		-3.11		
	139.72		-9.56		-3.30		
	139.84		-9.36		-3.46		
	139.94		-9.19		-3.77		
	140.06		-8.86		-4.14		
	140.16		-8.42		-4.12		
	140.27		-8.23		-3.94		
	140.38		-7.71		-3.58		
	140.48		-7.36		-3.39		
	140.58		-6.73		-3.07		
	140.67		-6.66		-2.98		
	140.78		-6.90		-2.75		
	140.89		-7.78		-2.44		
	141.00		-8.91		-2.21		
	141.13		-9.79		-2.21		
	141.22		-10.90		-2.54		
	141.33		-12.24		-2.87		
	141.41		-13.35		-3.04		
	141.52		-14.69		-2.87		
	141.59		-15.57		-2.64		
	141.73		-16.36		-2.63		
	141.81		-16.74		-2.58		
	141.91		-17.35		-2.05		
	142.00		-17.73		-1.70		
	142.11		-18.10		-1.62		
	142.20		-18.23		-1.48		
	142.31		-18.10		-1.08		
	142.44		-17.80		-0.80		
	142.55		-16.23		-0.58		
	142.64		-15.49		-0.37		
	142.78		-15.76		-0.30		
	142.91		-16.63		0.08		
	143.00		-16.85		0.41		
	143.09		-16.73		0.72		
	143.20		-16.87		0.86		
	143.31		-17.17		0.84		
	143.39		-17.34		1.00		
	143.48		-17.40		1.09		
	143.56		-17.67		0.73		
	143.69		-18.29		-0.01		
	143.81		-17.65		-0.44		
	143.92		-17.24		-0.54		
	144.02		-17.07		-0.95		
	144.14		-16.51		-1.90		
	144.25		-16.34		-3.06		
	144.38		-16.13		-5.74		
	144.45		-17.06		-7.61		
	144.63		-16.68		-7.72		
	144.78		-15.62		-8.33		
	144.98		-12.84		-8.15		
	145.14		-6.61		-6.62		
	145.33		-0.50		-4.20		
	145.58		6.20		-0.75		
	145.61		6.20		-0.75		
	145.72		7.11		0.18		
	145.83		6.37		1.70		
	145.92		6.36		2.67		
	146.03		6.95		3.39		
	146.14		7.52		3.83		
	146.27		7.12		3.69		
	146.42		6.47		3.35		
	146.52		5.66		2.75		
	146.61		4.21		1.99		
	146.70		3.48		1.48		
	146.86		0.04		1.22		
	146.95		-4.97		0.34		
	147.06		-10.88		-1.57		
	147.16		-14.47		-2.55		
	147.27		-17.27		-2.26		
	147.38		-19.20		-1.46		
	147.48		-20.03		-1.00		
	147.58		-20.41		-0.42		
	147.69		-19.92		0.05		
	147.83		-19.35		0.16		
	147.94		-18.96		0.11		
	148.06		-19.23		0.04		
	148.16		-19.53		-0.22		
	148.27		-19.87		-0.39		
	148.39		-20.12		-0.32		
	148.45		-18.58		0.61		
	148.56		-17.61		1.00		
	148.66		-15.76		1.12		
	148.78		-10.13		-0.12		
	148.88		-7.08		-0.00		
	148.98		-5.75		0.07		
	149.13		-4.55		-0.12		
	149.25		-3.86		0.11		
	149.36		-3.95		0.16		
	149.48		-4.58		-0.36		
	149.58		-5.57		-0.91		
	149.69		-6.74		-1.42		
	149.81		-9.73		-2.72		
	149.89		-13.65		-4.00		
	149.98		-15.09		-4.23		
	150.11		-16.10		-3.72		
	150.22		-16.06		-3.28		
	150.33		-16.25		-2.54		
	150.44		-16.26		-1.91		
	150.55		-16.19		-1.51		
	150.67		-15.96		-1.41		
	150.77		-15.75		-1.53		
	150.88		-15.60		-1.65		
	150.97		-15.55		-1.65		
	151.08		-15.28		-1.76		
	151.19		-15.04		-1.81		
	151.28		-14.68		-1.84		
	151.39		-14.38		-1.80		
	151.52		-14.34		-1.81		
	151.64		-13.96		-2.21		
	151.75		-13.68		-2.63		
	151.86		-13.44		-2.56		
	151.94		-12.99		-2.22		
	152.05		-12.19		-1.93		
	152.14		-11.71		-2.44		
	152.25		-12.82		-2.41		
	152.34		-13.96		-3.04		
	152.44		-14.72		-3.90		
	152.55		-15.99		-4.83		
	152.64		-16.70		-5.01		
	152.75		-17.28		-5.08		
	152.89		-17.23		-5.26		
	152.97		-17.18		-5.56		
	153.05		-17.11		-5.97		
	153.14		-17.00		-6.30		
	153.27		-16.87		-6.61		
	153.36		-16.55		-6.74		
	153.47		-16.47		-7.33		
	153.55		-16.86		-7.85		
	153.67		-17.51		-8.28		
	153.73		-17.97		-8.21		
	153.84		-17.91		-8.32		
	153.98		-17.86		-8.02		
	154.08		-17.57		-8.41		
	154.19		-16.64		-8.93		
	154.30		-14.93		-8.90		
	154.41		-12.90		-8.36		
	154.55		-10.04		-7.48		
	154.64		-8.68		-6.90		
	154.75		-5.24		-5.02		
	154.84		-1.17		-2.36		
	154.94		2.97		-0.30		
	155.06		4.96		0.40		
	155.16		6.02		1.00		
	155.28		6.20		1.51		
	155.39		7.01		1.76		
	155.50		7.88		1.85		
	155.66		8.17		2.07		
	155.77		7.52		2.49		
	155.91		6.75		2.86		
	156.00		6.18		3.10		
	156.09		6.80		3.32		
	156.20		8.42		3.71		
	156.30		8.25		4.05		
	156.41		6.82		3.72		
	156.50		6.24		2.43		
	156.58		6.23		1.17		
	156.72		4.95		1.06		
	156.83		0.82		0.58		
	156.97		-3.29		-0.28		
	157.09		-4.48		-0.37		
	157.17		-5.70		-0.54		
	157.25		-6.66		-0.76		
	157.34		-7.10		-0.95		
	157.44		-5.78		-0.88		
	157.53		-5.12		-0.47		
	157.64		-4.50		-0.32		
	157.75		-4.27		-0.41		
	157.89		-3.77		-0.01		
	157.97		-3.52		0.39		
	158.08		-3.29		0.55		
	158.19		-3.02		0.50		
	158.30		-2.98		0.48		
	158.41		-2.92		0.20		
	158.53		-2.86		0.09		
	158.63		-3.15		0.19		
	158.73		-3.39		0.13		
	158.88		-3.46		0.08		
	158.97		-3.25		-0.03		
	159.08		-3.29		-0.09		
	159.27		-3.34		0.08		
	159.41		-3.37		0.20		
	159.59		-3.51		0.33		
	159.75		-3.62		0.31		
	159.91		-3.65		0.22		
	160.09		-3.76		0.18		
	160.23		-3.72		0.11		
	160.36		-3.75		0.05		
	160.47		-3.71		0.11		
	160.58		-2.71		0.14		
	160.67		-0.88		0.11		
	160.77		-0.07		-0.02		
	160.89		-0.31		-0.02		
	161.00		-3.12		-0.09		
	161.09		-4.57		-0.37		
	161.19		-6.52		-0.69		
	161.28		-8.80		-0.85		
	161.41		-10.00		-0.90		
	161.50		-10.70		-1.02		
	161.59		-10.26		-0.78		
	161.70		-7.88		0.32		
	161.83		-6.17		2.04		
	161.89		-5.49		1.75		
	161.98		-6.42		1.01		
	162.09		-8.31		-0.10		
	162.20		-11.05		-1.60		
	162.28		-14.29		-3.27		
	162.39		-15.68		-4.63		
	162.48		-15.72		-6.36		
	162.59		-15.64		-7.23		
	162.70		-16.52		-7.91		
	162.80		-17.66		-7.91		
	162.91		-18.31		-7.67		
	163.03		-18.66		-7.16		
	163.16		-18.16		-6.85		
	163.25		-17.57		-6.24		
	163.38		-15.50		-4.42		
	163.48		-11.92		-3.64		
	163.59		-9.63		-3.46		
	163.67		-7.92		-3.56		
	163.78		-5.76		-4.43		
	163.88		-3.46		-4.93		
	163.97		-2.15		-4.55		
	164.05		-1.63		-3.81		
	164.16		-0.71		-2.70		
	164.25		-0.20		-1.85		
	164.38		2.38		-1.63		
	164.45		4.88		-1.58		
	164.56		7.79		-1.32		
	164.69		7.91		-1.04		
	164.77		7.08		-1.04		
	164.86		6.53		-1.21		
	164.98		7.00		-0.50		
	165.11		8.13		0.33		
	165.22		8.82		0.64		
	165.31		9.05		0.80		
	165.42		9.13		1.39		
	165.52		8.21		1.73		
	165.61		7.43		2.03		
	165.70		3.02		1.07		
	165.81		-3.12		0.11		
	165.92		-10.39		-0.80		
	166.03		-13.34		-1.40		
	166.11		-17.15		-2.24		
	166.20		-19.56		-2.50		
	166.31		-20.38		-2.29		
	166.42		-19.87		-2.10		
	166.52		-18.56		-2.00		
	166.63		-17.83		-1.76		
	166.70		-17.91		-1.62		
	166.81		-19.60		-1.79		
	166.92		-20.39		-1.68		
	167.03		-21.23		-1.26		
	167.17		-21.46		-0.44		
	167.27		-21.54		-0.68		
	167.38		-21.38		-1.49		
	167.48		-20.87		-2.41		
	167.59		-20.21		-3.21		
	167.70		-18.99		-4.57		
	167.80		-16.48		-5.65		
	167.91		-13.07		-8.17		
	168.02		-10.69		-9.16		
	168.09		-9.45		-8.91		
	168.25		-8.38		-6.98		
	168.33		-7.46		-6.30		
	168.44		-6.40		-6.44		
	168.53		-4.31		-5.89		
	168.64		-0.87		-5.60		
	168.78		0.55		-5.50		
	168.88		1.34		-5.22		
	168.97		1.79		-5.09		
	169.08		1.78		-4.90		
	169.19		1.81		-4.78		
	169.28		1.94		-5.14		
	169.39		1.07		-5.61		
	169.48		0.57		-5.91		
	169.59		0.62		-5.92		
	169.69		1.42		-5.87		
	169.80		2.13		-5.93		
	169.89		2.11		-6.12		
	170.02		1.30		-6.32		
	170.14		0.36		-6.54		
	170.23		-1.79		-6.63		
	170.30		-3.90		-4.70		
	170.41		-7.55		-0.64		
	170.52		-9.53		2.59		
	170.63		-10.16		3.70		
	170.75		-9.84		3.60		
	170.84		-9.72		4.14		
	170.95		-9.07		4.81		
	171.05		-8.54		5.04		
	171.16		-8.91		4.99		
	171.25		-9.07		4.14		
	171.38		-9.12		3.96		
	171.45		-9.08		3.95		
	171.56		-9.06		3.76		
	171.66		-9.06		3.96		
	171.77		-9.20		4.28		
	171.91		-9.47		4.72		
	172.00		-9.40		4.88		
	172.09		-9.45		4.10		
	172.20		-9.44		3.85		
	172.31		-9.55		3.92		
	172.39		-9.38		4.00		
	172.53		-9.38		4.29		
	172.67		-9.42		4.36		
	172.81		-9.50		4.38		
	172.89		-9.75		4.07		
	173.00		-9.86		3.83		
	173.09		-9.88		3.86		
	173.22		-9.86		3.97		
	173.36		-9.87		4.22		
	173.56		-9.79		4.43		
	173.69		-9.64		4.45		
	173.88		-9.63		4.40		
	174.03		-9.61		4.41		
	174.22		-9.60		4.39		
	174.36		-9.66		4.48		
	174.48		-9.67		4.58		
	174.66		-9.83		4.64		
	174.75		-10.30		4.48		
	174.83		-10.88		4.19		
	174.92		-12.18		3.69		
	175.03		-12.60		3.49		
	175.14		-12.64		3.32		
	175.27		-11.53		3.09		
	175.39		-10.41		3.10		
	175.50		-8.72		3.29		
	175.59		-7.19		3.22		
	175.69		-6.22		2.99		
	175.80		-4.50		2.78		
	175.94		-2.38		2.73		
	176.03		0.04		2.46		
	176.13		2.57		2.45		
	176.20		4.91		2.26		
	176.36		5.79		2.14		
	176.45		5.35		2.24		
	176.56		5.07		1.94		
	176.69		5.24		1.29		
	176.81		5.30		1.09		
	176.97		5.27		0.96		
	177.05		5.30		0.82		
	177.17		5.27		0.79		
	177.67		5.52		0.21		
	177.77		5.56		0.34		
	177.88		5.45		0.55		
	177.97		5.37		0.76		
	178.11		5.12		0.79		
	178.27		4.71		0.66		
	178.42		4.60		0.61		
	178.52		4.46		0.54		
	178.75		4.26		0.68		
	178.91		4.01		0.82		
	178.97		3.96		0.93		
	179.17		3.63		0.93		
	179.36		3.29		0.99		
	179.58		3.04		0.93		
	179.75		2.76		0.77		
	179.89		2.79		0.50		
	180.06		2.86		0.39		
	180.20		3.08		0.42		
	180.36		3.66		0.35		
	180.53		5.18		-0.01		
	180.72		5.82		-0.48		
	180.88		5.97		-0.51		
	181.02		6.10		-0.32		
	181.20		5.75		-0.34		
	181.36		5.29		-0.43		
	181.48		4.29		-0.61		
	181.66		2.92		-0.86		
	181.81		0.78		-0.99		
	181.97		-2.19		-1.38		
	182.11		-4.81		-1.72		
	182.31		-8.64		-1.91		
	182.48		-12.00		-1.97		
	182.63		-14.17		-2.23		
	182.69		-14.39		-2.31		
	182.78		-15.32		-2.63		
	182.89		-17.44		-2.60		
	182.98		-19.21		-1.91		
	183.06		-19.76		-1.84		
	183.19		-19.40		-2.04		
	183.30		-19.28		-2.06		
	183.41		-20.23		-2.28		
	183.50		-20.69		-2.53		
	183.59		-21.15		-2.70		
	183.69		-20.45		-2.42		
	183.78		-18.12		-1.60		
	183.89		-17.02		-0.95		
	184.02		-13.61		-0.68		
	184.17		-11.06		0.12		
	184.22		-10.98		0.19		
	184.31		-10.81		0.39		
	184.41		-10.30		0.76		
	184.50		-10.73		0.44		
	184.61		-13.30		-0.78		
	184.77		-16.28		-1.67		
	184.86		-17.10		-1.87		
	184.94		-17.02		-2.20		
	185.03		-15.85		-2.45		
	185.14		-15.81		-2.50		
	185.22		-16.62		-2.19		
	185.33		-17.02		-1.90		
	185.44		-17.38		-1.54		
	185.55		-17.41		-1.07		
	185.64		-17.33		-0.87		
	185.73		-17.11		-0.88		
	185.86		-16.77		-1.00		
	185.97		-16.60		-1.01		
	186.08		-16.51		-1.08		
	186.25		-16.22		-1.17		
	186.33		-15.97		-1.34		
	186.44		-15.78		-1.59		
	186.55		-15.70		-1.85		
	186.64		-15.85		-1.95		
	186.72		-16.24		-2.18		
	186.81		-17.38		-2.73		
	186.92		-19.80		-3.95		
	187.02		-20.33		-4.40		
	187.13		-19.48		-4.22		
	187.22		-17.42		-4.11		
	187.30		-12.36		-2.91		
	187.41		-7.40		-1.26		
	187.50		-5.34		0.20		
	187.59		-4.92		0.77		
	187.70		-4.19		1.30		
	187.80		-4.34		1.58		
	187.91		-5.75		1.34		
	188.00		-7.75		0.78		
	188.11		-10.72		0.45		
	188.27		-13.05		0.24		
	188.42		-15.51		-0.54		
	188.45		-16.51		-0.84		
	188.53		-18.34		-1.35		
	188.64		-19.80		-1.49		
	188.75		-20.01		-1.47		
	188.86		-20.09		-1.62		
	188.97		-20.19		-1.74		
	189.08		-19.64		-1.62		
	189.19		-18.69		-1.43		
	189.27		-17.89		-1.66		
	189.41		-17.63		-2.01		
	189.52		-17.45		-2.24		
	189.64		-17.65		-2.31		
	189.70		-17.61		-2.41		
	189.80		-17.54		-2.52		
	189.91		-17.41		-2.40		
	190.02		-17.42		-2.20		
	190.11		-17.39		-2.13		
	190.20		-17.42		-2.07		
	190.31		-17.43		-2.17		
	190.41		-17.34		-2.04		
	190.52		-17.37		-1.80		
	190.64		-17.29		-1.61		
	190.77		-17.20		-1.53		
	190.86		-17.18		-1.42		
	190.98		-17.19		-1.45		
	191.06		-17.19		-1.47		
	191.16		-17.09		-1.37		
	191.25		-17.05		-1.30		
	191.39		-16.97		-1.26		
	191.50		-16.85		-1.48		
	191.61		-16.55		-2.06		
	191.73		-16.49		-2.36		
	191.83		-16.54		-2.34		
	191.92		-16.65		-2.31		
	192.00		-17.17		-2.29		
	192.09		-19.76		-2.56		
	192.22		-21.35		-2.93		
	192.28		-19.17		-2.61		
	192.38		-15.59		-1.66		
	192.44		-13.90		-1.34		
	192.61		-11.87		-0.77		
	192.81		-11.28		-0.49		
	192.89		-11.54		-0.59		
	193.02		-11.66		-0.62		
	193.09		-11.68		-0.45		
	193.27		-11.63		-0.20		
	193.39		-12.11		-0.41		
	193.52		-13.08		-0.70		
	193.64		-13.82		-0.99		
	193.75		-14.17		-1.05		
	193.86		-14.55		-1.14		
	194.17		-15.07		-1.31		
	194.23		-15.20		-1.24		
	194.33		-15.38		-1.23		
	194.47		-15.44		-1.27		
	194.56		-15.39		-1.29		
	194.66		-15.42		-1.42		
