	 time 		 X 		 Y

	55.36		0.09		-1.49		
	55.50		0.02		-1.70		
	55.61		-0.03		-1.84		
	55.72		-0.28		-2.16		
	55.84		-0.40		-2.30		
	55.98		-0.22		-2.25		
	56.06		0.04		-2.38		
	56.16		-0.22		-2.47		
	56.27		-0.23		-2.39		
	56.38		-0.04		-2.41		
	56.45		0.21		-2.42		
	56.55		0.20		-2.29		
	56.69		0.25		-1.99		
	56.83		0.47		-1.65		
	56.92		0.71		-1.43		
	57.03		0.83		-1.28		
	57.16		0.92		-0.98		
	57.31		0.82		-0.76		
	57.41		0.76		-0.67		
	57.53		0.49		-0.67		
	57.66		0.33		-0.65		
	57.78		0.30		-0.69		
	57.89		0.18		-0.69		
	57.98		-0.29		-0.76		
	58.06		-0.38		-0.81		
	58.19		-0.34		-0.91		
	58.28		0.00		-0.86		
	58.41		0.11		-0.89		
	58.50		0.41		-1.00		
	58.61		0.87		-1.33		
	58.73		1.15		-1.57		
	58.81		1.21		-1.83		
	58.95		1.34		-2.02		
	59.05		1.76		-2.15		
	59.16		2.03		-2.07		
	59.27		1.94		-1.97		
	59.39		1.74		-1.95		
	59.52		1.48		-1.96		
	59.61		1.58		-2.05		
	59.73		1.60		-2.15		
	59.84		1.06		-2.19		
	59.95		-0.42		-2.25		
	60.06		-1.48		-1.80		
	60.19		-1.46		-1.59		
	60.30		0.19		-1.38		
	60.41		2.82		-1.41		
	60.50		2.82		-1.41		
	60.61		6.37		-0.95		
	60.81		10.34		0.12		
	60.89		10.90		0.60		
	61.13		11.45		1.51		
	61.33		11.02		1.91		
	61.45		10.12		2.04		
	61.69		8.86		2.30		
	61.78		8.19		2.42		
	62.00		7.91		2.14		
	62.19		8.70		2.08		
	62.31		8.88		2.24		
	62.42		8.54		2.30		
	62.52		7.14		2.28		
	62.61		6.28		2.27		
	62.80		5.57		2.18		
	63.02		4.73		1.77		
	63.13		4.61		1.69		
	63.27		4.66		1.55		
	63.36		4.81		1.46		
	63.47		4.65		1.50		
	63.56		4.31		1.16		
	63.72		5.05		1.14		
	63.88		6.71		0.43		
	63.98		7.47		0.92		
	64.20		7.77		1.58		
	64.31		8.55		1.64		
	64.58		9.43		1.61		
	64.67		9.78		1.85		
	64.78		10.35		2.35		
	65.02		10.37		2.61		
	65.06		10.65		2.83		
	65.22		10.25		2.89		
	65.52		10.17		3.31		
	65.59		9.92		3.56		
	65.67		9.73		3.65		
	65.83		9.77		3.74		
	66.05		9.27		3.48		
	66.17		8.91		3.28		
	66.34		8.99		3.54		
	66.55		9.40		4.31		
	66.81		9.70		4.93		
	66.97		9.48		4.82		
	67.17		9.37		4.69		
	67.31		9.16		4.72		
	67.50		9.11		4.71		
	67.69		8.93		4.65		
	67.81		9.05		4.66		
	68.05		9.09		4.78		
	68.20		9.36		4.57		
	68.36		9.63		4.77		
	68.55		9.60		4.54		
	68.72		9.49		4.46		
	68.91		8.78		3.71		
	69.05		8.00		2.81		
	69.23		7.38		2.28		
	69.39		7.29		1.85		
	69.56		6.52		1.25		
	69.72		6.01		0.65		
	69.91		5.50		0.15		
	70.03		5.61		-0.24		
	70.14		4.85		-0.85		
	70.25		2.16		-2.24		
	70.38		-0.80		-3.24		
	70.52		-2.69		-4.74		
	70.61		-3.40		-4.97		
	70.73		-3.26		-4.96		
	70.81		-2.51		-4.89		
	70.91		-1.50		-4.81		
	70.94		-0.68		-4.77		
	71.06		0.35		-4.93		
	71.17		1.07		-5.13		
	71.22		2.24		-5.36		
	71.31		1.82		-5.15		
	71.42		0.10		-4.70		
	71.53		-1.99		-4.05		
	71.69		-7.06		-2.54		
	71.70		-8.79		-1.71		
	71.97		-11.82		0.28		
	72.11		-12.24		0.95		
	72.19		-12.30		1.56		
	72.30		-11.87		2.45		
	72.42		-11.83		2.89		
	72.52		-11.96		3.36		
	72.63		-11.71		3.61		
	72.73		-12.03		4.23		
	72.84		-11.98		4.39		
	72.94		-11.26		3.83		
	73.06		-10.93		3.46		
	73.17		-11.09		3.44		
	73.30		-11.55		3.68		
	73.41		-12.25		3.96		
	73.48		-11.66		3.70		
	73.56		-8.93		2.52		
	73.67		-4.54		1.36		
	73.78		-3.52		1.21		
	73.91		-4.31		1.08		
	73.98		-4.51		1.19		
	74.08		-4.86		1.21		
	74.19		-5.89		1.11		
	74.30		-6.04		0.89		
	74.41		-6.19		0.40		
	74.55		-6.09		0.04		
	74.69		-5.85		0.04		
	74.83		-5.53		-0.11		
	74.92		-5.32		-0.07		
	75.00		-4.57		-0.03		
	75.09		-3.86		-0.09		
	75.19		-1.77		-0.54		
	75.27		0.10		-0.74		
	75.36		0.58		-0.76		
	75.44		0.87		-1.09		
	75.55		0.35		-1.14		
	75.63		-0.49		-1.02		
	75.77		-3.27		-0.49		
	75.88		-4.18		-0.37		
	76.02		-5.77		0.17		
	76.28		-6.64		0.54		
	76.48		-5.05		0.57		
	76.59		-4.54		0.57		
	76.78		-3.94		0.70		
	76.97		-4.05		0.92		
	77.06		-4.48		1.18		
	77.17		-4.48		1.19		
	77.22		-4.40		1.24		
	77.34		-4.36		1.21		
	77.44		-4.68		1.36		
	77.55		-4.89		1.47		
	77.64		-4.88		1.57		
	77.75		-5.20		1.64		
	77.86		-5.75		1.87		
	77.94		-6.71		2.24		
	78.05		-7.26		2.09		
	78.16		-6.05		1.42		
	78.27		-4.79		1.21		
	78.34		-3.50		1.04		
	78.44		-3.15		0.79		
	78.56		-2.85		0.79		
	78.67		-2.77		0.95		
	78.78		-3.41		1.13		
	78.88		-3.40		1.38		
	78.95		-2.81		1.16		
	79.06		-2.17		0.73		
	79.17		-1.36		0.68		
	79.28		1.10		0.39		
	79.39		3.72		0.18		
	79.50		5.20		0.31		
	79.58		6.14		0.37		
	79.69		4.91		0.48		
	79.81		3.01		0.31		
	79.94		4.42		0.62		
	80.03		7.19		0.54		
	80.14		8.89		-0.46		
	80.23		7.30		-1.17		
	80.34		2.02		-1.50		
	80.44		-3.27		-1.14		
	80.53		-6.93		-0.51		
	80.72		-9.63		-0.23		
	80.92		-10.75		0.35		
	80.97		-11.11		0.50		
	81.08		-10.01		0.19		
	81.19		-7.94		-0.47		
	81.36		-5.58		-0.70		
	81.44		-4.49		-0.82		
	81.72		-4.22		-0.75		
	81.88		-5.03		-0.22		
	81.97		-4.95		-0.04		
	82.08		-4.17		-0.38		
	82.23		-2.27		-2.18		
	82.44		-1.22		-2.16		
	82.56		-1.31		-1.87		
	82.67		-2.01		-1.54		
	82.78		-2.57		-1.22		
	83.00		-3.43		-0.72		
	83.16		-3.50		-0.80		
	83.31		-3.52		-0.83		
	83.39		-3.79		-0.52		
	83.56		-3.44		-0.05		
	83.70		-2.83		-0.03		
	83.84		-2.87		0.11		
	83.92		-3.16		0.22		
	84.14		-3.87		0.57		
	84.23		-4.41		0.96		
	84.30		-4.98		0.96		
	84.50		-5.48		0.96		
	84.61		-5.51		0.87		
	84.77		-5.66		0.78		
	84.92		-5.67		0.71		
	85.14		-5.95		0.97		
	85.31		-6.19		1.27		
	85.52		-6.20		1.43		
	85.72		-5.91		1.31		
	86.00		-5.30		0.84		
	86.09		-5.18		0.66		
	86.59		-5.00		1.09		
	86.73		-4.72		1.01		
	86.88		-4.87		1.23		
	86.97		-5.06		1.45		
	87.14		-3.82		1.29		
	87.23		-3.08		1.20		
	87.34		-2.72		1.02		
	87.45		-2.86		0.97		
	87.59		-3.30		0.81		
	87.72		-3.69		0.61		
	87.84		-4.78		0.50		
	87.98		-5.55		0.43		
	88.06		-6.12		0.54		
	88.22		-7.05		0.89		
	88.45		-7.53		1.17		
	88.53		-7.35		1.30		
	88.61		-7.28		1.31		
	88.86		-6.70		1.07		
	88.95		-6.56		0.91		
	89.05		-6.41		0.84		
	89.16		-6.26		0.69		
	89.30		-6.08		0.59		
	89.41		-5.90		0.48		
	89.48		-6.04		0.56		
	89.58		-6.06		0.60		
	89.78		-6.12		0.52		
	89.98		-6.01		0.24		
	90.14		-6.06		0.01		
	90.42		-5.90		-0.05		
	90.56		-6.16		0.08		
	90.73		-6.56		0.05		
	90.91		-7.18		0.12		
	91.06		-7.10		-0.14		
	91.25		-6.41		-0.65		
	91.39		-5.80		-0.82		
	91.55		-5.19		-1.17		
	91.72		-5.05		-1.40		
	91.89		-4.92		-1.38		
	92.05		-5.28		-1.11		
	92.23		-5.64		-1.10		
	92.41		-5.94		-1.11		
	92.59		-6.33		-1.16		
	92.77		-6.11		-1.53		
	92.95		-5.54		-1.64		
	93.09		-5.08		-1.40		
	93.28		-4.05		-1.28		
	93.44		-4.35		-1.50		
	93.56		-3.27		-1.76		
	93.66		-3.00		-1.88		
	93.77		-2.23		-2.63		
	93.83		0.84		-2.82		
	93.95		4.69		-2.17		
	94.09		7.26		-1.30		
	94.25		8.43		-1.84		
	94.41		9.43		-1.58		
	94.63		10.29		-0.80		
	94.81		10.77		0.32		
	95.02		10.78		1.03		
	95.19		10.16		0.80		
	95.38		9.33		0.17		
	95.45		9.05		0.09		
	95.52		8.45		-0.04		
	95.61		8.18		-0.03		
	95.78		7.98		-0.39		
	95.91		8.17		-0.30		
	96.03		8.28		0.22		
	96.13		8.31		0.34		
	96.30		8.20		0.09		
	96.39		8.26		0.02		
	96.48		8.77		0.40		
	96.59		9.39		1.31		
	96.72		9.73		1.82		
	96.83		10.12		2.50		
	96.91		10.29		2.67		
	96.97		10.44		3.11		
	97.08		11.11		4.13		
	97.20		9.87		3.61		
	97.34		9.57		2.72		
	97.53		9.01		0.86		
	97.84		8.17		-0.23		
	97.95		8.21		0.00		
	98.08		8.57		0.91		
	98.19		8.15		0.51		
	98.39		8.36		-0.27		
	98.58		8.53		-0.04		
	98.66		8.52		0.17		
	98.75		8.56		0.31		
	98.91		8.58		0.50		
	99.03		8.61		0.56		
	99.17		8.56		0.91		
	99.25		8.52		0.89		
	99.44		8.81		1.25		
	99.56		9.00		1.35		
	99.66		9.11		1.54		
	99.75		9.16		1.85		
	99.92		9.28		1.84		
	100.03		9.32		1.93		
	100.14		9.27		1.65		
	100.34		9.19		1.15		
	100.45		9.23		1.33		
	100.58		8.87		1.46		
	100.73		8.89		0.46		
	100.84		8.87		0.19		
	101.00		8.31		-0.73		
	101.22		8.14		-1.29		
	101.63		8.14		-2.12		
	101.83		8.85		-2.29		
	101.97		9.03		-2.75		
	102.19		8.94		-4.43		
	102.33		9.41		-4.10		
	102.50		10.08		-3.54		
	102.69		9.14		-3.94		
	102.88		8.85		-4.64		
	103.02		9.57		-6.55		
	103.19		10.51		-6.65		
	103.33		10.59		-6.78		
	103.50		1.29		-3.32		
	103.66		-3.91		-1.50		
	103.84		-8.56		0.26		
	104.03		-9.55		0.66		
	104.19		-9.61		0.66		
	104.31		-11.18		1.25		
	104.66		-10.33		0.86		
	104.81		-9.02		0.35		
	104.92		-7.84		-0.20		
	105.17		-7.65		-0.35		
	105.27		-7.62		-1.15		
	105.36		-9.55		-1.17		
	105.66		-11.44		0.35		
	105.94		-10.52		0.82		
	105.98		-10.14		0.95		
	106.39		-11.36		1.54		
	106.53		-12.65		2.16		
	106.78		-13.21		2.31		
	106.92		-13.69		2.68		
	106.98		-13.61		2.66		
	107.19		-13.41		2.50		
	107.27		-13.65		2.68		
	107.34		-13.71		2.79		
	107.47		-13.68		2.67		
	107.55		-13.78		2.39		
	107.73		-13.74		1.88		
	107.88		-13.65		1.83		
	108.11		-14.37		2.44		
	108.16		-14.36		2.56		
	108.33		-14.06		2.67		
	108.39		-13.89		2.71		
	108.59		-13.53		2.49		
	108.77		-12.62		1.67		
	109.25		-11.38		0.54		
	109.42		-12.11		1.52		
	109.50		-12.49		1.84		
	109.64		-12.76		1.55		
	109.86		-12.48		1.67		
	110.05		-12.37		1.45		
	110.13		-12.31		1.59		
	110.25		-12.32		1.56		
	110.36		-12.07		2.01		
	110.48		-12.56		2.29		
	110.64		-12.64		2.66		
	110.73		-12.69		2.71		
	110.94		-12.49		2.46		
	111.17		-12.61		3.01		
	111.22		-12.41		2.98		
	111.45		-11.76		2.44		
	111.69		-12.50		3.51		
	111.89		-13.81		4.89		
	111.97		-14.05		5.05		
	112.11		-14.04		5.04		
	112.20		-13.42		4.66		
	112.36		-12.66		4.39		
	112.47		-12.45		4.41		
	112.56		-12.46		4.68		
	112.66		-12.48		4.78		
	112.84		-13.43		5.50		
	112.89		-13.59		5.71		
	112.98		-14.04		6.20		
	113.09		-14.03		6.38		
	113.19		-13.43		6.13		
	113.30		-12.62		5.81		
	113.44		-12.31		5.37		
	113.53		-12.24		5.04		
	113.61		-12.37		4.94		
	113.78		-12.84		5.30		
	113.86		-12.84		5.30		
	113.92		-13.07		5.27		
	114.03		-13.07		4.97		
	114.20		-13.40		5.01		
	114.25		-13.47		5.00		
	114.33		-14.25		4.94		
	114.47		-14.57		4.79		
	114.70		-14.71		4.88		
	114.77		-14.72		4.84		
	114.84		-14.90		4.90		
	114.94		-14.96		5.07		
	115.06		-14.75		5.23		
	115.14		-14.60		5.55		
	115.23		-14.12		5.52		
	115.34		-13.34		5.10		
	115.45		-13.18		5.01		
	115.58		-13.33		4.74		
	115.72		-13.32		4.43		
	115.80		-13.14		4.30		
	115.92		-12.94		3.69		
	116.11		-13.32		2.74		
	116.22		-13.34		2.09		
	116.30		-13.04		1.58		
	116.45		-12.54		0.84		
	116.55		-11.78		0.26		
	116.83		-7.43		-2.43		
	116.98		-5.53		-3.44		
	117.08		-5.44		-4.00		
	117.33		-6.88		-4.04		
	117.41		-7.90		-3.76		
	117.56		-9.84		-2.64		
	117.67		-11.21		-1.46		
	117.78		-12.08		-0.35		
	117.92		-12.69		1.18		
	118.11		-12.89		2.71		
	120.19		0.80		-2.02		
	120.22		1.46		-2.47		
	120.33		2.03		-2.52		
	120.44		2.14		-2.86		
	120.55		1.99		-3.33		
	120.64		2.08		-3.68		
	120.73		2.27		-4.39		
	120.84		2.67		-4.91		
	120.97		1.54		-4.85		
	121.08		-2.02		-4.33		
	121.19		-10.12		-2.65		
	121.30		-13.68		-1.77		
	121.41		-14.59		-1.68		
	121.56		-13.53		-2.28		
	121.64		-6.62		-1.36		
	121.75		1.34		-0.70		
	121.83		6.27		0.00		
	122.02		9.04		1.32		
	122.11		10.53		1.72		
	122.22		11.51		2.28		
	122.33		11.94		3.17		
	122.42		11.82		3.41		
	122.53		10.72		2.85		
	122.61		10.21		2.57		
	122.95		9.00		1.76		
	123.03		8.50		1.75		
	123.13		8.17		1.73		
	123.28		8.12		1.55		
	123.38		7.96		1.50		
	123.58		8.00		1.23		
	123.64		8.07		1.16		
	123.70		8.36		1.12		
	123.78		8.89		1.22		
	123.86		9.61		1.52		
	123.94		10.25		1.95		
	124.02		10.49		2.24		
	124.14		10.77		2.51		
	124.20		10.72		2.77		
	124.25		10.59		2.79		
	124.31		10.53		2.79		
	124.38		10.56		3.16		
	124.45		10.56		3.43		
	124.55		10.75		4.14		
	124.61		11.01		4.68		
	124.81		11.39		4.90		
	125.02		11.37		5.03		
	125.22		11.64		4.91		
	125.38		11.77		5.04		
	125.53		12.00		5.37		
	125.72		12.37		5.69		
	125.86		12.31		5.62		
	126.02		11.87		5.67		
	126.22		11.20		4.89		
	126.34		10.77		3.70		
	126.55		11.21		2.52		
	126.70		11.74		0.85		
	126.86		13.54		0.37		
	127.05		14.11		-1.24		
	127.19		13.72		-2.68		
	127.39		5.26		-1.91		
	127.55		1.21		-1.13		
	127.73		-0.56		-0.37		
	127.94		-2.33		0.02		
	128.05		-4.21		-0.19		
	128.25		-10.73		-0.32		
	128.36		-12.35		0.04		
	128.47		-12.85		0.44		
	128.58		-12.43		1.64		
	128.66		-12.34		2.40		
	128.77		-12.54		2.30		
	128.86		-12.22		2.38		
	128.98		-11.90		2.67		
	129.08		-11.76		2.81		
	129.17		-11.28		2.45		
	129.28		-11.19		2.65		
	129.39		-11.19		3.31		
	129.50		-11.85		3.98		
	129.59		-12.06		4.34		
	129.70		-11.77		3.09		
	129.80		-9.73		0.46		
	129.91		-6.80		-1.92		
	130.06		-5.04		-3.08		
	130.22		-3.22		-3.58		
	130.31		-4.32		-2.47		
	130.41		-6.73		-1.27		
	130.56		-10.16		-1.09		
	130.70		-11.09		-1.06		
	130.78		-12.08		-0.78		
	130.88		-12.72		-0.44		
	130.97		-12.88		-0.28		
	131.06		-12.92		-0.25		
	131.16		-13.77		0.45		
	131.28		-14.09		0.84		
	131.38		-14.17		0.76		
	131.48		-13.09		0.25		
	131.59		-13.81		0.16		
	131.70		-15.00		0.05		
	131.80		-15.69		0.84		
	131.91		-16.10		3.03		
	132.00		-15.33		3.94		
	132.09		-15.46		3.31		
	132.20		-14.87		1.97		
	132.31		-15.37		2.16		
	132.41		-15.48		2.28		
	132.52		-15.02		3.34		
	132.69		-14.84		4.34		
	132.80		-15.13		4.48		
	132.91		-15.57		4.13		
	133.00		-13.93		3.97		
	133.09		-14.40		4.45		
	133.22		-15.80		4.73		
	133.31		-16.33		4.96		
	133.42		-16.71		5.10		
	133.50		-16.76		5.02		
	133.59		-15.47		3.85		
	133.66		-10.25		-0.44		
	133.75		6.74		-2.78		
	133.84		-8.25		0.41		
	133.95		-14.28		2.17		
	134.08		-15.17		2.41		
	134.16		-13.91		1.20		
	134.25		-12.95		-1.17		
	134.36		-13.05		-1.70		
	134.47		-14.60		0.61		
	134.58		-15.19		1.48		
	134.66		-14.67		0.49		
	134.77		-14.59		0.37		
	134.86		-14.55		0.61		
	134.94		-14.84		0.72		
	135.05		-15.16		1.42		
	135.17		-15.27		1.65		
	135.25		-14.86		1.26		
	135.34		-14.47		0.79		
	135.42		-14.83		0.71		
	135.53		-14.82		0.59		
	135.63		-15.23		1.52		
	135.72		-16.01		2.60		
	135.81		-16.40		3.14		
	135.91		-16.76		3.88		
	136.02		-17.02		4.43		
	136.13		-16.66		4.32		
	136.23		-14.19		1.26		
	136.36		-7.90		-5.91		
	136.48		-4.78		-4.82		
	136.64		-4.27		-4.43		
	136.73		-5.00		-3.93		
	136.84		-5.95		-4.13		
	137.08		-6.72		-3.22		
	137.20		-8.46		-0.79		
	137.25		-9.25		-0.06		
	137.41		-10.26		0.75		
	137.42		-10.62		0.82		
	137.50		-11.60		0.71		
	137.59		-12.40		1.09		
	137.72		-13.00		1.23		
	137.84		-13.33		1.20		
	137.94		-13.19		1.51		
	138.03		-13.55		2.17		
	138.14		-13.80		2.57		
	138.25		-13.64		2.82		
	138.38		-13.53		2.89		
	138.48		-12.68		3.09		
	138.59		-13.03		3.21		
	138.67		-13.19		3.37		
	138.75		-12.89		3.61		
	138.89		-13.44		4.14		
	139.00		-14.09		4.33		
	139.11		-14.67		4.64		
	139.25		-15.07		4.86		
	139.33		-15.00		4.49		
	139.44		-14.90		3.69		
	139.55		-14.28		2.31		
	139.67		-11.43		-0.76		
	139.77		-5.28		-2.77		
	139.91		-4.98		-3.09		
	140.05		-7.93		-3.04		
	140.16		-8.60		-2.98		
	140.28		-9.28		-2.80		
	140.48		-9.52		-2.83		
	140.58		-8.04		-3.14		
	140.67		-5.17		-4.11		
	140.84		-4.45		-4.83		
	141.02		-4.64		-5.38		
	141.08		-4.76		-5.59		
	141.25		-5.53		-5.57		
	141.41		-5.88		-5.51		
	141.59		-6.95		-5.30		
	141.80		-8.11		-4.64		
	141.98		-8.40		-3.68		
	142.16		-8.65		-3.07		
	142.30		-8.34		-3.20		
	142.55		-7.46		-3.81		
	142.70		-6.76		-4.23		
	142.80		-6.16		-4.14		
	142.91		-6.30		-4.19		
	143.02		-9.09		-1.70		
	143.22		-10.43		0.05		
	143.30		-10.76		0.12		
	143.41		-10.46		0.42		
	143.52		-10.29		1.30		
	143.59		-10.97		2.76		
	143.69		-10.58		4.03		
	143.73		-10.17		4.20		
	143.83		-9.56		3.83		
	143.94		-9.25		3.02		
	144.03		-9.21		2.69		
	144.16		-9.25		1.78		
	144.25		-8.98		1.20		
	144.31		-8.83		0.70		
	144.38		-8.74		0.43		
	144.59		-8.82		0.13		
	144.67		-8.87		0.05		
	144.72		-9.04		0.12		
	144.81		-9.00		0.09		
	144.92		-8.93		0.09		
	144.95		-9.05		0.08		
	145.08		-9.14		0.23		
	145.27		-9.11		0.29		
	145.72		-9.33		0.67		
	145.86		-9.25		0.88		
	146.06		-9.47		1.16		
	146.19		-9.43		1.47		
	146.38		-9.41		1.57		
	146.53		-9.33		1.64		
	146.67		-9.25		1.75		
	146.86		-9.58		2.00		
	147.00		-9.46		2.16		
	147.19		-9.54		2.46		
	147.33		-9.16		2.35		
	147.47		-7.97		1.35		
	147.67		-7.86		0.91		
	147.88		-8.16		0.66		
	148.03		-10.16		0.69		
	148.27		-10.88		0.35		
	148.44		-10.03		-0.40		
	148.66		-8.50		-0.97		
	148.80		-8.00		-1.04		
	148.89		-2.95		-1.20		
	148.98		-0.74		-1.41		
	149.09		2.68		-0.28		
	149.25		6.36		0.48		
	149.31		7.71		0.40		
	149.53		8.94		0.72		
	149.69		9.65		0.80		
	149.86		9.60		0.65		
	150.02		8.94		0.06		
	150.36		8.43		-0.52		
	150.44		8.65		-0.45		
	150.59		9.18		-0.58		
	150.88		9.55		-0.51		
	150.95		9.55		-0.59		
	151.13		9.48		-0.39		
	151.30		9.73		-0.19		
	151.39		9.84		0.10		
	151.45		10.00		0.06		
	151.63		10.06		0.08		
	151.94		10.05		0.01		
	152.11		9.24		-0.29		
	152.25		9.29		-0.44		
	152.42		10.34		-0.37		
	152.56		10.91		-0.28		
	152.75		11.25		-0.46		
	152.89		11.11		-1.34		
	153.06		11.13		-1.61		
	153.22		10.62		-1.67		
	153.36		10.00		-1.63		
	153.52		8.40		-1.84		
	153.72		6.52		-2.07		
	153.86		2.59		-1.19		
	154.06		-3.89		0.36		
	154.22		-8.81		0.46		
	154.48		-10.81		1.73		
	154.59		-10.94		2.10		
	154.72		-11.31		2.34		
	154.91		-12.55		2.60		
	155.13		-12.31		1.81		
	155.33		-12.44		1.66		
	155.42		-13.14		2.40		
	155.58		-13.95		2.96		
	155.69		-14.03		2.99		
	155.78		-13.94		2.89		
	155.94		-13.62		2.69		
	156.13		-13.06		2.56		
	156.23		-12.71		2.56		
	156.39		-12.40		2.77		
	156.50		-12.28		2.85		
	156.61		-12.06		2.81		
	156.70		-12.36		2.95		
	157.02		-11.37		2.08		
	157.13		-11.05		1.63		
	157.22		-10.15		1.01		
	157.31		-9.60		0.38		
	157.48		-8.81		-0.06		
	157.56		-8.59		-0.29		
	157.70		-9.31		-0.40		
	157.80		-9.81		-0.27		
	157.95		-10.44		0.50		
	158.11		-11.10		1.44		
	158.27		-11.67		2.47		
	158.81		-11.92		3.32		
	158.95		-11.81		2.90		
	159.03		-11.65		2.60		
	159.14		-11.68		2.59		
	159.23		-11.61		2.54		
	159.31		-11.69		2.50		
	159.45		-11.77		2.49		
