	 time 		 X 		 Y

	209.19		0.12		-5.18		
	209.25		0.43		-5.30		
	209.36		0.78		-5.23		
	209.45		0.97		-5.04		
	209.56		1.05		-4.90		
	209.66		0.94		-5.00		
	209.78		0.70		-5.01		
	209.86		0.71		-5.03		
	209.95		1.07		-5.05		
	210.03		1.29		-5.12		
	210.14		0.84		-5.38		
	210.23		0.26		-6.09		
	210.34		-1.72		-6.25		
	210.44		-1.98		-6.14		
	210.56		-1.16		-5.65		
	210.69		-0.11		-4.65		
	210.80		1.08		-4.01		
	210.91		3.03		-3.33		
	211.02		5.12		-2.79		
	211.11		6.54		-2.37		
	211.22		7.44		-1.06		
	211.31		8.08		-0.93		
	211.42		9.70		-1.17		
	211.52		10.68		-1.23		
	211.63		10.69		-1.19		
	211.73		10.51		-1.31		
	211.88		10.49		-1.34		
	212.02		11.97		-1.11		
	212.13		12.99		-1.18		
	212.23		12.71		-1.22		
	212.34		12.66		-1.24		
	212.45		13.16		-0.65		
	212.55		13.85		-0.29		
	212.64		13.88		-0.34		
	212.75		13.81		-0.66		
	212.84		13.60		-1.77		
	212.94		13.75		-1.77		
	213.05		14.57		-1.24		
	213.13		14.28		-0.97		
	213.23		13.99		-1.02		
	213.34		14.11		-0.60		
	213.44		14.65		-0.19		
	213.55		14.46		-0.41		
	213.64		14.25		-0.46		
	213.75		14.32		-0.51		
	213.84		14.17		-0.50		
	213.94		14.03		0.73		
	214.05		14.50		2.36		
	214.14		14.48		3.10		
	214.23		14.22		2.96		
	214.33		13.73		2.85		
	214.45		13.33		2.39		
	214.55		13.38		2.00		
	214.66		13.29		1.81		
	214.73		13.16		1.25		
	214.84		13.08		1.21		
	214.92		13.18		1.84		
	214.98		13.17		2.08		
	215.06		12.88		1.79		
	215.17		12.83		1.37		
	215.27		12.72		1.25		
	215.38		12.81		1.35		
	215.45		12.74		1.49		
	215.55		12.68		1.40		
	215.64		12.87		1.46		
	215.75		12.80		1.49		
	215.86		12.62		1.31		
	215.97		12.40		1.13		
	216.06		12.59		1.02		
	216.17		12.94		1.03		
	216.27		13.24		0.96		
	216.36		13.23		1.04		
	216.45		13.29		1.10		
	216.56		13.42		0.98		
	216.66		13.68		0.88		
	216.77		14.12		0.59		
	216.84		14.04		0.26		
	216.95		13.91		0.04		
	217.03		14.51		-0.01		
	217.16		14.82		-0.32		
	217.30		14.73		0.10		
	217.38		14.58		0.37		
	217.48		14.79		0.43		
	217.58		15.06		0.73		
	217.69		15.13		0.78		
	217.81		15.19		0.36		
	217.91		15.85		-0.02		
	218.02		16.07		0.05		
	218.11		15.67		-0.45		
	218.22		15.95		-0.84		
	218.31		15.74		-0.67		
	218.39		14.98		-0.42		
	218.47		14.74		-0.40		
	218.58		14.96		0.03		
	218.66		15.10		0.39		
	218.77		15.86		0.50		
	218.84		15.79		0.23		
	218.94		15.70		0.08		
	219.05		15.76		0.00		
	219.13		15.59		-0.00		
	219.23		15.32		0.07		
	219.34		14.91		0.33		
	219.44		14.61		0.79		
	219.52		13.81		0.74		
	219.61		13.74		0.46		
	219.72		14.79		0.48		
	219.83		15.33		0.57		
	219.94		15.33		0.45		
	220.06		15.46		0.56		
	220.14		15.31		0.56		
	220.27		15.40		0.57		
	220.36		15.59		0.80		
	220.45		15.18		0.98		
	220.58		15.19		1.10		
	220.67		15.35		1.38		
	220.78		15.27		1.36		
	220.88		15.30		1.40		
	221.05		15.23		1.73		
	221.14		15.14		2.05		
	221.23		15.24		2.27		
	221.31		15.35		2.33		
	221.42		15.27		2.18		
	221.52		15.12		2.22		
	221.63		15.22		2.24		
	221.70		15.62		2.35		
	221.80		15.54		2.33		
	221.88		15.38		2.19		
	221.97		15.27		2.09		
	222.08		15.20		1.76		
	222.17		15.17		1.03		
	222.28		14.82		0.90		
	222.38		13.96		0.65		
	222.48		14.44		1.14		
	222.59		14.86		1.77		
	222.70		14.95		2.22		
	222.83		14.77		3.00		
	223.02		14.36		3.36		
	223.17		14.31		3.57		
	223.30		14.26		4.06		
	223.48		14.21		4.80		
	223.63		13.77		5.27		
	223.81		13.53		5.35		
	223.95		12.64		5.05		
	224.09		11.52		4.98		
	224.17		11.49		5.13		
	224.27		11.89		5.25		
	224.36		12.80		4.89		
	224.45		13.29		4.55		
	224.56		13.97		4.50		
	224.64		14.50		4.58		
	224.75		14.13		4.60		
	224.84		13.21		4.40		
	224.95		11.88		4.34		
	225.05		9.54		3.72		
	225.14		5.68		3.46		
	225.25		-1.61		2.86		
	225.33		-5.54		2.58		
	225.42		-10.50		1.74		
	225.52		-10.70		0.88		
	225.63		-10.51		0.64		
	225.72		-10.74		0.11		
	225.81		-11.27		-0.75		
	225.92		-11.09		-1.53		
	226.03		-11.04		-1.86		
	226.13		-11.21		-1.75		
	226.22		-11.74		-1.41		
	226.33		-11.76		-1.15		
	226.44		-11.61		-0.77		
	226.56		-11.81		-0.60		
	226.67		-11.99		-0.51		
	226.75		-11.92		-0.86		
	226.83		-11.77		-1.04		
	226.91		-11.28		-0.85		
	227.02		-11.33		-0.74		
	227.09		-11.38		-0.76		
	227.20		-12.04		-0.77		
	227.30		-13.16		-0.94		
	227.41		-13.75		-0.98		
	227.50		-14.09		-1.29		
	227.59		-13.67		-1.53		
	227.70		-13.72		-1.67		
	227.78		-13.85		-1.89		
	227.89		-13.70		-2.03		
	227.98		-13.12		-2.04		
	228.09		-13.92		-1.97		
	228.19		-14.35		-2.04		
	228.30		-14.64		-2.10		
	228.38		-14.68		-2.11		
	228.48		-14.25		-2.25		
	228.58		-14.04		-2.49		
	228.67		-13.97		-2.94		
	228.77		-13.93		-3.17		
	228.88		-14.22		-3.04		
	228.98		-14.19		-3.29		
	229.13		-14.23		-3.56		
	229.19		-14.50		-3.63		
	229.30		-14.64		-3.34		
	229.39		-15.12		-2.95		
	229.48		-15.18		-2.98		
	229.56		-15.00		-2.97		
	229.67		-15.26		-3.29		
	229.78		-15.15		-3.73		
	229.89		-15.31		-4.03		
	230.00		-15.12		-4.15		
	230.09		-15.11		-3.98		
	230.19		-14.84		-3.61		
	230.30		-14.71		-3.67		
	230.38		-14.25		-4.03		
	230.48		-13.90		-3.89		
	230.59		-13.78		-3.95		
	230.70		-13.77		-4.00		
	230.81		-13.73		-3.96		
	230.92		-13.52		-3.85		
	231.03		-13.15		-3.77		
	231.14		-13.15		-3.69		
	231.27		-13.32		-3.67		
	231.41		-12.97		-3.82		
	231.52		-12.80		-3.89		
	231.61		-12.23		-3.83		
	231.70		-12.34		-3.61		
	231.83		-12.51		-3.52		
	231.95		-12.28		-4.35		
	232.05		-12.01		-5.91		
	232.16		-12.34		-6.02		
	232.27		-13.03		-5.71		
	232.38		-13.10		-4.98		
	232.48		-12.48		-4.11		
	232.58		-11.93		-2.49		
	232.67		-12.03		-1.32		
	232.77		-12.04		0.25		
	232.86		-11.72		1.68		
	232.97		-11.62		3.11		
	233.08		-11.63		3.11		
	233.17		-11.53		3.48		
	233.28		-12.62		5.37		
	233.38		-12.81		5.63		
	233.48		-13.65		6.54		
	233.63		-14.31		6.25		
	233.72		-14.20		5.58		
	233.81		-13.77		4.55		
	233.97		-13.10		3.18		
	234.06		-11.36		0.59		
	234.14		-9.68		-1.91		
	234.27		-8.04		-4.07		
	234.38		-6.82		-6.35		
	234.50		-6.54		-7.36		
	234.59		-6.33		-8.53		
	234.70		-6.49		-8.57		
	234.80		-5.85		-9.50		
	234.91		-5.36		-9.88		
	235.03		-5.32		-9.94		
	235.14		-5.10		-10.38		
	235.25		-4.98		-10.67		
	235.34		-5.33		-10.37		
	235.45		-5.77		-10.14		
	235.52		-6.13		-10.01		
	235.64		-6.69		-9.72		
	235.75		-7.00		-9.24		
	235.86		-7.43		-9.03		
	235.98		-7.62		-8.45		
	236.08		-7.91		-7.93		
	236.19		-8.21		-7.95		
	236.28		-8.29		-8.02		
	236.42		-8.32		-7.85		
	236.52		-8.25		-7.94		
	236.61		-8.13		-7.71		
	236.72		-7.73		-7.89		
	236.84		-7.54		-8.02		
	236.94		-7.42		-8.10		
	237.03		-7.49		-8.14		
	237.16		-7.75		-8.03		
	237.30		-7.85		-8.17		
	237.52		-7.73		-8.52		
	237.67		-7.74		-8.22		
	237.83		-7.97		-8.21		
	237.97		-7.98		-8.25		
	238.11		-7.90		-8.34		
	238.30		-7.93		-8.56		
	238.42		-7.81		-8.77		
	238.52		-7.68		-8.96		
	238.59		-7.47		-9.11		
	238.70		-7.35		-9.30		
	238.80		-7.26		-9.53		
	238.89		-7.25		-9.70		
	238.98		-7.15		-9.87		
	239.08		-7.44		-9.89		
	239.19		-8.42		-9.80		
	239.28		-9.20		-9.46		
	239.39		-8.88		-8.64		
	239.48		-8.73		-8.22		
	239.58		-8.57		-8.02		
	239.69		-7.23		-8.10		
	239.81		-5.16		-8.24		
	239.92		-3.19		-8.43		
	240.02		-2.56		-8.84		
	240.13		-2.65		-9.10		
	240.25		-3.30		-9.34		
	240.34		-4.11		-8.23		
	240.45		-4.99		-7.70		
	240.56		-5.78		-7.12		
	240.66		-6.76		-6.77		
	240.75		-7.43		-6.37		
	240.84		-8.02		-5.96		
	240.95		-8.65		-5.16		
	241.06		-9.28		-4.73		
	241.14		-9.78		-3.96		
	241.23		-10.37		-3.24		
	241.33		-10.52		-2.56		
	241.44		-10.64		-1.98		
	241.55		-10.60		-1.83		
	241.67		-10.32		-2.26		
	241.80		-10.40		-2.66		
	241.92		-10.36		-3.06		
	242.02		-10.47		-3.10		
	242.14		-10.66		-3.01		
	242.22		-10.98		-3.10		
	242.34		-11.36		-3.64		
	242.45		-11.29		-4.66		
	242.58		-10.60		-5.62		
	242.66		-10.26		-5.70		
	242.77		-9.83		-4.63		
	242.84		-9.03		-2.53		
	242.95		-9.26		-0.61		
	243.05		-9.72		1.02		
	243.19		-10.12		1.45		
	243.31		-9.68		1.57		
	243.42		-9.66		2.04		
	243.53		-9.92		2.50		
	243.63		-10.28		3.14		
	243.70		-10.35		3.86		
	243.81		-10.92		4.22		
	243.91		-11.29		3.17		
	244.05		-11.42		2.72		
	244.16		-11.25		2.27		
	244.25		-11.52		1.86		
	244.38		-11.22		3.08		
	244.47		-11.18		3.27		
	244.55		-11.47		3.88		
	244.64		-11.21		3.59		
	244.75		-11.32		3.66		
	244.84		-11.49		3.71		
	244.94		-11.51		3.89		
	245.02		-11.39		4.49		
	245.14		-11.71		4.94		
	245.23		-11.72		4.56		
	245.33		-11.90		4.42		
	245.42		-12.08		4.57		
	245.53		-12.14		4.98		
	245.64		-12.54		4.67		
	245.77		-12.94		4.23		
	245.89		-13.27		3.76		
	245.98		-13.22		3.56		
	246.08		-13.40		3.40		
	246.19		-13.84		3.09		
	246.30		-13.66		3.37		
	246.39		-12.85		3.80		
	246.50		-12.07		3.64		
	246.61		-11.54		3.35		
	246.73		-10.23		3.31		
	246.86		-8.48		3.42		
	246.92		-6.49		3.75		
	247.03		-5.16		3.95		
	247.14		-3.54		4.52		
	247.23		-3.12		4.97		
	247.33		-3.02		5.64		
	247.44		-3.30		5.97		
	247.59		-4.26		5.66		
	247.70		-4.92		5.50		
	247.83		-5.82		5.55		
	247.92		-6.38		5.49		
	248.02		-6.74		5.43		
	248.14		-7.55		5.26		
	248.31		-7.67		5.11		
	248.50		-7.73		5.10		
	248.63		-8.30		5.16		
	248.81		-10.24		4.97		
	248.92		-10.86		4.76		
	249.11		-12.19		4.41		
	249.19		-12.30		4.16		
	249.30		-12.52		4.04		
	249.44		-12.84		3.71		
	249.55		-12.08		3.13		
	249.61		-11.52		2.65		
	249.72		-11.59		2.48		
	249.84		-12.05		2.68		
	249.97		-11.76		2.66		
	250.09		-11.49		2.54		
	250.16		-11.49		2.57		
	250.27		-11.48		2.36		
	250.41		-11.25		2.02		
	250.52		-11.11		1.89		
	250.67		-11.02		1.73		
	250.77		-11.13		1.60		
	250.88		-11.04		1.63		
	250.97		-11.01		1.56		
	251.09		-11.09		1.52		
	251.19		-11.17		1.52		
	251.30		-11.13		1.58		
	251.39		-11.19		1.54		
	251.50		-11.43		1.36		
	251.61		-11.41		1.31		
	251.75		-11.61		1.24		
	251.94		-11.77		1.31		
	252.09		-11.78		1.31		
	252.31		-11.95		1.36		
	252.47		-12.16		1.41		
	252.59		-12.26		1.48		
	252.75		-12.27		1.64		
	252.89		-12.24		1.65		
	253.03		-12.01		1.71		
	253.14		-12.13		1.86		
	253.23		-12.63		2.16		
	253.31		-13.94		2.26		
	253.42		-16.86		2.51		
	253.50		-16.92		2.67		
	253.59		-16.49		3.09		
	253.70		-16.15		3.57		
	253.81		-14.63		3.58		
	253.91		-8.79		2.52		
	254.00		-6.57		2.54		
	254.11		0.08		1.13		
	254.22		3.16		0.38		
	254.41		6.81		-1.36		
	254.47		7.07		-1.81		
	254.55		7.15		-1.89		
	254.66		7.62		-2.47		
	254.75		9.02		-3.46		
	254.86		9.76		-4.15		
	254.98		10.86		-4.91		
	255.06		10.89		-5.04		
	255.16		10.63		-5.16		
	255.25		9.95		-5.27		
	255.36		9.72		-5.08		
	255.45		9.49		-4.98		
	255.55		9.30		-5.12		
	255.64		9.34		-5.11		
	255.75		9.65		-4.95		
	255.86		9.85		-4.52		
	255.98		9.94		-4.28		
	256.06		10.23		-3.90		
	256.16		10.37		-3.74		
	256.27		10.17		-3.59		
	256.38		10.20		-3.53		
	256.47		10.50		-3.42		
	256.56		10.76		-3.23		
	256.67		11.23		-2.95		
	256.78		11.62		-2.69		
	256.86		12.01		-2.35		
	256.97		12.37		-1.87		
	257.11		12.54		-1.59		
	257.22		12.82		-1.21		
	257.34		13.19		-1.05		
	257.44		13.40		-1.35		
	257.59		12.53		-2.32		
	257.70		12.21		-2.66		
	257.81		12.20		-2.81		
	257.94		12.08		-2.92		
	258.03		11.66		-3.37		
	258.14		10.94		-3.91		
	258.25		9.69		-4.53		
	258.34		9.05		-4.78		
	258.44		8.68		-4.90		
	258.55		8.55		-4.76		
	258.66		8.84		-4.56		
	258.77		9.92		-4.07		
	258.84		10.62		-3.65		
	258.95		10.90		-3.33		
	259.05		11.02		-3.41		
	259.19		11.10		-3.43		
	259.30		11.60		-3.13		
	259.38		11.83		-2.80		
	259.50		12.10		-2.38		
	259.59		12.54		-2.28		
	259.72		12.51		-2.43		
	259.84		12.45		-2.57		
	259.94		12.33		-2.56		
	260.05		12.26		-2.44		
	260.14		12.22		-2.52		
	260.22		12.40		-2.58		
	260.31		12.66		-3.21		
	260.42		10.92		-4.10		
	260.55		10.88		-3.53		
	260.66		11.99		-3.34		
	260.77		13.06		-3.07		
	260.86		13.68		-2.80		
	260.95		14.64		-2.54		
	261.06		14.81		-2.56		
	261.16		14.86		-2.71		
	261.27		14.84		-2.80		
	261.34		14.64		-2.99		
	261.47		14.68		-3.16		
	261.53		14.46		-3.06		
	261.66		14.59		-2.76		
	261.77		14.62		-2.29		
	261.86		14.73		-2.44		
	261.95		14.58		-2.65		
	262.03		14.22		-3.31		
	262.14		13.89		-3.45		
	262.25		13.66		-2.54		
	262.33		14.12		-1.58		
	262.44		14.32		-1.33		
	262.55		13.95		-1.07		
	262.66		13.24		-0.96		
	262.78		13.66		-0.08		
	262.89		14.00		0.71		
	262.98		14.13		1.12		
	263.11		14.33		1.38		
	263.20		13.46		0.41		
	263.30		13.30		0.26		
	263.42		13.37		0.51		
	263.53		13.68		0.93		
	263.64		13.97		1.55		
	263.73		14.16		1.78		
	263.84		14.40		1.81		
	263.95		14.47		1.91		
	264.08		14.30		1.37		
	264.17		14.07		1.12		
	264.27		14.31		1.35		
	264.36		14.16		1.61		
	264.48		14.37		1.46		
	264.56		14.82		1.69		
	264.67		14.95		1.94		
	264.77		15.21		2.19		
	264.88		14.87		1.64		
	264.97		14.74		1.86		
	265.06		14.64		1.95		
	265.19		14.54		1.82		
	265.30		14.56		1.44		
	265.41		14.48		1.62		
	265.55		14.21		2.21		
	265.63		14.09		2.58		
	265.72		13.76		2.73		
	265.80		13.01		2.77		
	265.89		12.33		2.81		
	266.02		10.53		2.99		
	266.19		9.87		3.22		
	266.34		9.58		3.20		
	266.50		9.45		3.29		
	266.70		9.45		3.30		
	266.86		9.41		3.36		
	267.02		9.08		3.65		
	267.20		8.66		3.68		
	267.36		8.41		3.67		
	267.44		8.39		3.70		
	267.53		9.07		3.86		
	267.61		10.88		3.96		
	267.69		13.72		3.34		
	267.81		13.14		4.26		
	267.89		13.08		3.68		
	267.98		11.56		3.37		
	268.09		8.78		3.50		
	268.20		5.33		2.89		
	268.30		-0.56		2.94		
	268.39		-3.59		2.52		
	268.50		-6.48		2.11		
	268.59		-7.97		1.35		
	268.67		-9.22		0.84		
	268.78		-10.52		-0.15		
	268.91		-11.43		-0.80		
	268.97		-11.38		-1.44		
	269.09		-12.52		-1.11		
	269.20		-13.22		-0.78		
	269.34		-13.68		-0.55		
	269.55		-13.46		-0.26		
	269.69		-12.59		-0.27		
	269.73		-12.45		-0.29		
	269.81		-11.76		-0.43		
	269.92		-12.31		0.03		
	270.02		-12.88		0.47		
	270.14		-13.09		0.55		
	270.33		-12.89		0.66		
	270.44		-12.57		0.66		
	270.48		-12.53		0.64		
	270.55		-12.35		0.61		
	270.69		-12.83		0.69		
	270.80		-13.32		0.93		
	270.91		-13.72		1.04		
	271.00		-13.66		1.01		
	271.16		-13.58		0.99		
	271.30		-13.72		1.25		
	271.52		-13.89		1.76		
	271.59		-14.00		2.05		
	271.70		-13.82		2.18		
	271.78		-13.71		2.31		
	271.88		-13.85		2.22		
	271.97		-13.94		2.16		
	272.09		-14.03		2.02		
	272.19		-13.98		2.02		
	272.28		-14.40		2.17		
	272.38		-14.87		2.43		
	272.44		-14.84		2.51		
	272.55		-14.79		2.33		
	272.67		-14.89		2.31		
	272.73		-14.98		2.44		
	272.83		-14.77		2.40		
	272.95		-14.76		2.36		
	273.03		-14.59		2.33		
	273.13		-14.54		2.45		
	273.22		-14.64		2.71		
	273.33		-14.60		2.55		
	273.45		-14.86		2.46		
	273.55		-14.97		2.32		
	273.66		-15.04		2.32		
	273.77		-14.72		1.99		
	273.94		-14.56		1.87		
	274.03		-14.53		1.77		
	274.19		-14.62		1.72		
	274.27		-14.57		1.61		
	274.36		-14.68		1.57		
	274.52		-14.67		1.52		
	274.61		-14.76		1.54		
	274.77		-14.91		1.66		
	275.02		-15.48		1.74		
	275.27		-16.23		1.60		
	275.36		-16.10		1.42		
	275.52		-15.53		1.02		
	275.64		-15.28		0.93		
	275.73		-15.43		0.97		
	275.88		-15.44		0.92		
	275.95		-15.52		0.87		
	276.03		-15.59		0.78		
	276.22		-15.63		0.55		
	276.39		-15.63		0.34		
	276.52		-15.35		-0.25		
	276.59		-14.68		-0.85		
	276.72		-14.35		-1.12		
	276.81		-13.79		-1.47		
	277.00		-13.66		-1.87		
	279.33		-15.83		0.82		
	279.42		-15.96		0.72		
	279.52		-16.60		0.58		
	279.64		-17.02		0.56		
	279.75		-17.13		0.38		
	279.88		-17.74		0.24		
	279.98		-17.99		0.23		
	280.11		-18.21		0.14		
	280.19		-18.20		-0.06		
	280.30		-17.57		-0.55		
	280.42		-15.56		-1.23		
	280.53		-12.43		-2.04		
	280.61		-6.25		-3.32		
	280.72		-1.15		-3.91		
	280.84		2.20		-4.80		
	280.95		5.33		-5.53		
	281.06		9.26		-5.70		
	281.17		10.41		-5.48		
	281.27		11.25		-5.04		
	281.39		11.23		-4.20		
	281.48		11.11		-3.64		
	281.59		11.42		-3.17		
	281.69		12.08		-2.85		
	281.78		12.48		-2.53		
	281.91		12.29		-2.27		
	281.98		12.47		-2.13		
	282.08		12.15		-2.08		
	282.19		11.64		-2.10		
	282.30		12.20		-1.88		
	282.38		13.94		-1.32		
	282.50		15.02		-0.86		
	282.59		14.92		-0.70		
	282.69		14.02		-1.04		
	282.80		16.30		-1.61		
	282.91		17.00		-1.59		
	283.00		17.60		-1.73		
	283.09		17.22		-1.66		
	283.19		16.36		-1.94		
	283.30		15.41		-2.66		
	283.41		15.54		-2.97		
	283.52		17.04		-3.55		
	283.63		17.70		-3.66		
	283.73		17.51		-4.11		
	283.83		17.43		-3.88		
	283.94		16.95		-3.65		
	284.05		16.65		-3.41		
	284.14		16.74		-3.19		
	284.27		16.40		-2.93		
	284.34		16.26		-2.54		
	284.44		16.19		-2.05		
	284.53		16.20		-2.11		
	284.64		15.76		-2.24		
	284.75		15.42		-2.28		
	284.86		15.44		-2.01		
	284.94		15.39		-1.89		
	285.06		15.35		-1.75		
	285.14		15.29		-1.75		
	285.23		15.22		-1.91		
	285.34		15.31		-1.98		
	285.44		15.44		-2.08		
	285.53		16.45		-2.48		
	285.64		16.28		-2.57		
	285.75		15.13		-1.69		
	285.88		14.16		-0.71		
	285.97		14.10		-0.57		
	286.06		14.27		0.19		
	286.16		14.14		1.10		
	286.27		13.72		2.03		
	286.38		13.27		2.21		
	286.48		12.94		2.13		
	286.58		11.76		2.48		
	286.67		9.66		3.50		
	286.77		8.08		4.44		
	286.86		7.93		5.37		
	286.94		8.73		5.93		
	287.08		9.63		5.96		
	287.20		9.77		5.68		
	287.41		9.93		5.17		
	287.48		10.17		5.08		
	287.58		10.32		5.09		
	287.67		10.64		5.29		
	287.81		10.76		5.39		
	288.02		10.49		5.37		
	288.11		10.38		5.40		
	288.36		10.18		5.60		
	288.45		10.15		5.63		
	288.59		10.08		5.60		
	288.73		10.16		5.70		
	288.77		10.30		5.76		
	288.92		10.51		5.87		
	289.16		10.68		5.75		
	289.27		10.66		5.73		
	289.47		10.72		5.68		
	289.63		10.87		5.54		
	289.73		10.65		5.48		
	289.86		10.69		5.45		
	289.98		10.84		5.47		
	290.06		10.83		5.51		
	290.14		11.03		5.47		
	290.22		11.04		5.43		
	290.39		11.00		5.32		
	290.50		10.72		5.23		
	290.55		10.53		5.23		
	290.59		10.20		5.23		
	290.84		10.20		5.20		
	291.05		9.99		5.09		
	291.20		10.19		5.03		
	291.34		10.45		5.16		
	291.52		10.85		5.06		
	291.69		11.09		5.15		
	291.84		11.59		5.00		
	292.05		12.00		4.95		
	292.19		12.26		5.07		
	292.33		12.53		5.03		
	292.52		12.59		4.75		
	292.64		12.69		4.41		
	292.78		12.68		4.05		
	292.97		12.33		3.74		
	293.17		11.94		3.72		
	293.36		11.26		3.41		
	293.56		9.82		3.00		
	293.75		5.93		1.76		
	293.89		3.71		1.07		
	294.05		0.23		0.19		
	294.19		-4.74		-0.67		
	294.33		-6.05		-0.92		
	294.44		-7.74		-0.96		
	294.55		-8.44		-0.98		
	294.66		-9.06		-1.07		
	294.77		-10.05		-0.87		
	294.88		-11.90		-0.70		
	294.97		-12.71		-0.45		
	295.08		-12.97		-0.22		
	295.19		-13.13		0.10		
	295.28		-13.27		0.52		
	295.36		-13.31		0.90		
	295.47		-13.04		1.41		
	295.58		-14.48		1.78		
	295.69		-15.65		1.89		
	295.78		-14.91		1.20		
	295.88		-14.50		1.05		
	295.98		-13.93		0.87		
	296.06		-13.28		1.29		
	296.19		-12.67		1.11		
	296.28		-13.10		1.12		
	296.39		-13.94		1.28		
	296.50		-14.43		1.46		
	296.63		-14.78		2.10		
	296.70		-14.86		2.79		
	296.81		-14.88		2.82		
	296.92		-14.69		2.37		
	297.02		-14.88		2.16		
	297.13		-15.08		2.11		
	297.22		-15.04		2.47		
	297.34		-15.50		2.88		
	297.42		-16.08		3.67		
	297.56		-16.75		3.77		
	297.67		-16.38		3.41		
	297.80		-16.61		3.26		
	297.89		-16.50		3.33		
	298.00		-16.72		3.39		
	298.09		-16.50		3.52		
	298.22		-15.64		3.64		
	298.33		-15.89		3.82		
	298.42		-16.01		4.19		
	298.52		-16.24		4.44		
	298.72		-16.37		4.38		
	298.81		-16.53		4.31		
	298.91		-16.42		4.07		
	299.00		-16.28		4.14		
	299.11		-16.25		4.23		
	299.22		-15.91		4.12		
	299.33		-15.65		3.92		
	299.42		-15.95		3.80		
	299.52		-15.82		2.91		
	299.61		-16.14		2.78		
	299.69		-16.30		2.94		
	299.83		-16.09		2.82		
	299.94		-15.97		2.77		
	300.06		-15.58		2.88		
	300.19		-15.70		3.51		
	300.28		-15.91		3.60		
	300.39		-16.02		3.55		
	300.53		-15.87		3.32		
	300.63		-15.68		2.72		
	300.73		-15.52		3.20		
	300.86		-15.86		3.27		
	300.94		-16.45		3.39		
	301.03		-15.77		3.31		
	301.14		-13.79		3.53		
	301.27		-14.36		3.25		
	301.36		-13.36		2.25		
	301.47		-12.67		1.91		
	301.58		-12.91		2.61		
	301.69		-12.79		2.87		
	301.78		-12.61		2.73		
	301.89		-12.18		2.84		
	302.00		-12.54		2.96		
	302.09		-13.00		2.99		
	302.19		-13.59		3.09		
	302.28		-14.28		3.19		
	302.41		-14.91		3.35		
	302.50		-15.01		3.45		
	302.58		-14.45		3.43		
	302.69		-14.05		2.79		
	302.81		-13.50		2.34		
	302.94		-12.32		1.18		
	303.03		-10.38		-0.71		
	303.13		-9.32		-1.94		
	303.23		-8.11		-2.66		
	303.33		-7.08		-3.46		
	303.44		-6.13		-3.74		
	303.53		-5.60		-3.83		
	303.64		-5.62		-3.85		
	303.72		-7.19		-3.66		
	303.83		-10.29		-3.03		
	303.98		-11.80		-2.77		
	304.06		-11.96		-2.62		
	304.17		-12.26		-2.49		
	304.30		-12.49		-2.36		
	304.39		-13.26		-2.02		
	304.47		-13.71		-2.09		
	304.58		-13.81		-2.56		
	304.69		-13.67		-2.64		
	304.80		-13.77		-2.47		
	304.91		-13.61		-2.49		
	304.98		-13.60		-2.48		
	305.08		-14.10		-2.27		
	305.17		-14.64		-2.23		
	305.30		-15.01		-2.27		
	305.41		-14.79		-1.81		
	305.52		-15.06		-1.50		
	305.61		-15.16		-1.06		
	305.69		-15.29		-1.06		
	305.77		-15.30		-1.31		
	305.89		-15.41		-1.57		
	306.06		-16.19		-1.11		
	306.25		-16.56		-1.11		
	306.39		-17.02		-1.24		
	306.56		-17.16		-1.27		
	306.72		-17.58		-1.26		
	306.88		-17.59		-1.29		
	307.06		-17.66		-1.65		
	307.20		-17.80		-1.90		
	307.34		-17.76		-1.86		
	307.45		-17.58		-1.59		
	307.55		-17.66		-1.15		
	307.66		-17.68		-0.84		
	307.75		-17.90		-0.40		
	307.84		-17.63		-0.27		
	307.94		-17.10		-0.32		
	308.05		-16.69		-0.37		
	308.16		-16.15		-0.44		
	308.27		-15.55		-0.65		
	308.41		-15.03		-0.81		
	308.50		-14.07		-1.09		
	308.61		-13.00		-1.66		
	308.73		-11.87		-1.98		
	308.80		-11.33		-2.01		
	308.92		-10.63		-2.27		
	309.05		-10.30		-2.27		
	309.14		-10.82		-2.31		
	309.25		-11.06		-2.64		
	309.36		-10.60		-3.28		
	309.47		-10.41		-3.72		
	309.58		-10.21		-3.79		
	309.69		-10.70		-3.77		
	309.78		-11.35		-3.17		
	309.88		-11.81		-3.17		
	309.97		-11.46		-3.43		
	310.11		-11.17		-2.77		
	310.19		-10.80		-1.79		
	310.28		-9.43		-1.31		
	310.39		-7.87		-0.80		
	310.52		-7.16		-0.54		
	310.59		-7.13		-0.09		
	310.70		-6.90		0.26		
	310.80		-6.90		0.69		
	310.92		-7.29		1.27		
	311.03		-7.31		1.61		
	311.09		-7.24		1.62		
	311.20		-7.22		1.36		
	311.31		-6.93		0.70		
	311.41		-6.67		0.07		
	311.53		-6.29		-0.51		
	311.61		-6.62		-0.52		
	311.73		-7.06		-0.55		
	311.84		-7.12		0.27		
	311.92		-7.17		1.14		
	312.02		-6.78		2.11		
	312.13		-6.39		2.95		
	312.22		-6.56		3.15		
	312.31		-7.06		3.19		
	312.41		-7.21		2.90		
	312.53		-6.50		1.93		
	312.61		-6.32		1.65		
	312.73		-5.96		1.51		
	312.86		-5.80		1.58		
	312.95		-6.03		1.52		
	313.08		-6.32		1.57		
	313.14		-6.76		2.05		
	313.23		-6.94		2.10		
	313.33		-7.14		1.96		
	313.45		-6.79		1.81		
	313.56		-6.48		1.65		
	313.66		-6.30		1.65		
	313.77		-6.11		1.39		
	313.86		-6.00		1.18		
	313.95		-6.10		0.99		
	314.06		-6.21		0.83		
	314.17		-6.32		0.81		
	314.28		-6.74		0.83		
	314.38		-6.77		0.86		
	314.48		-7.21		0.79		
	314.58		-7.04		0.72		
	314.67		-6.86		0.92		
	314.78		-6.29		1.93		
	314.88		-5.91		2.02		
	315.00		-5.01		0.97		
	315.08		-5.37		0.57		
	315.17		-6.68		0.23		
	315.30		-6.40		0.35		
	315.41		-6.33		0.24		
	315.55		-6.95		0.53		
	315.64		-7.36		0.95		
	315.80		-7.47		1.23		
	315.91		-7.50		1.38		
	316.02		-7.64		1.58		
	316.13		-7.82		1.65		
	316.22		-7.90		1.91		
	316.33		-7.98		1.77		
	316.44		-7.95		1.62		
	316.53		-8.12		1.57		
	316.64		-8.22		1.49		
	316.75		-8.20		1.27		
	316.86		-7.96		1.17		
	316.95		-7.64		1.09		
	317.06		-7.79		0.88		
	317.20		-8.26		0.60		
	317.30		-8.95		0.28		
	317.39		-9.20		0.11		
	317.48		-9.28		0.12		
	317.59		-9.47		0.86		
	317.69		-9.66		1.30		
	317.78		-8.81		1.63		
	317.88		-8.81		1.63		
	317.98		-8.34		1.85		
	318.09		-8.25		1.90		
	318.19		-8.18		1.91		
	318.27		-8.08		1.72		
	318.39		-8.07		1.54		
	318.48		-8.21		1.49		
	318.58		-8.44		1.71		
	318.69		-8.94		2.18		
	318.78		-9.07		2.53		
	318.91		-9.12		2.67		
	319.02		-9.23		3.04		
	319.11		-9.41		3.34		
	319.22		-9.66		3.54		
	319.33		-9.88		3.55		
	319.42		-10.16		3.65		
	319.55		-10.29		3.49		
	319.63		-10.34		3.32		
	319.73		-9.99		2.74		
	319.83		-9.92		2.18		
	319.97		-9.62		1.72		
	320.05		-9.57		1.77		
	320.14		-9.68		2.19		
	320.22		-9.20		2.70		
	320.39		-9.32		2.85		
	320.59		-9.42		2.95		
	320.73		-9.49		3.14		
	320.88		-9.84		3.79		
	321.09		-9.99		4.56		
	321.25		-10.20		5.28		
	321.42		-10.49		6.00		
	321.61		-10.73		6.29		
	321.70		-11.04		6.20		
	321.84		-11.19		5.96		
	321.94		-12.86		5.77		
	322.03		-13.42		5.64		
	322.14		-12.98		6.22		
	322.25		-14.05		6.18		
	322.36		-13.45		6.20		
	322.48		-11.31		6.54		
	322.58		-8.54		6.35		
	322.70		-6.41		5.94		
	322.75		-3.37		5.27		
	322.86		0.85		4.06		
	322.97		4.41		2.50		
	323.09		7.07		1.36		
	323.19		11.49		-0.52		
	323.28		11.28		-1.27		
	323.36		11.86		-1.01		
	323.55		11.90		-1.03		
	323.64		12.48		-1.14		
	323.70		12.96		-0.98		
	324.03		13.47		-1.21		
	324.14		13.03		-1.60		
	324.23		13.18		-1.73		
	324.34		13.23		-1.71		
	324.47		13.61		-1.21		
	324.58		14.10		-0.55		
	324.67		14.46		-0.21		
	324.78		15.12		0.24		
	324.88		15.84		0.39		
	325.00		16.35		0.34		
	325.11		16.52		-0.15		
	325.22		16.21		-0.43		
	325.31		15.86		-0.67		
	325.44		15.40		-0.66		
	325.52		15.38		-0.65		
	325.61		15.75		-0.44		
	325.72		16.19		-0.12		
	325.83		16.24		0.23		
	325.94		16.36		0.20		
	326.05		16.64		0.13		
	326.17		17.70		0.05		
	326.30		17.92		0.08		
	326.38		17.76		1.31		
	326.48		16.92		4.04		
	326.59		15.61		2.00		
	326.70		17.02		-2.27		
	326.78		16.89		-4.81		
	326.88		17.55		-6.16		
	326.97		15.64		-6.88		
	327.09		14.86		-7.38		
	327.19		15.36		-7.04		
	327.27		16.41		-5.85		
	327.38		18.06		-4.58		
	327.48		19.80		-3.62		
	327.58		19.98		-2.91		
	327.69		19.75		-2.33		
	327.83		19.53		-2.69		
	327.92		18.82		-3.44		
	328.02		18.57		-3.35		
	328.13		17.28		-3.87		
	328.22		16.45		-4.33		
	328.31		15.63		-5.22		
	328.44		15.48		-7.29		
	328.53		14.63		-8.72		
	328.67		15.42		-9.96		
	328.77		14.65		-10.08		
	328.89		12.94		-9.08		
	328.98		12.85		-7.16		
	329.09		10.22		-4.28		
	329.19		6.60		-1.46		
	329.27		3.18		-0.43		
	329.42		4.66		-1.61		
	329.55		9.91		-3.48		
	329.59		12.26		-3.51		
	329.67		16.24		-4.86		
	329.80		15.72		-4.88		
	329.88		14.55		-6.02		
	329.98		14.49		-7.48		
	330.08		14.77		-8.77		
	330.20		12.09		-8.54		
	330.30		2.85		-7.13		
	330.39		-8.21		-5.53		
	330.50		-16.27		-5.06		
	330.63		-1.86		-6.02		
	330.73		5.51		-5.84		
	330.83		10.17		-4.56		
	330.94		10.37		-3.66		
	331.05		10.08		-3.08		
	331.14		11.10		-2.32		
	331.22		13.09		-1.99		
	331.34		14.60		-1.83		
	331.44		14.39		-3.00		
	331.55		13.58		-2.96		
	331.64		13.00		-2.46		
	331.75		12.86		-2.18		
	331.86		12.68		-2.04		
	331.95		12.34		-1.88		
	332.05		12.60		-1.71		
	332.22		13.22		-1.68		
	332.33		13.44		-1.53		
	332.42		13.57		-1.51		
	332.52		13.81		-1.51		
	332.63		13.79		-1.63		
	332.73		13.67		-1.78		
	332.83		13.52		-1.91		
	332.94		13.68		-1.99		
	333.03		13.55		-1.87		
	333.13		13.47		-1.70		
	333.22		13.37		-1.53		
	333.33		13.49		-1.42		
	333.42		13.56		-1.36		
	333.55		13.54		-1.26		
	333.63		13.58		-1.26		
	333.72		13.60		-1.33		
	333.83		13.64		-1.42		
	333.95		13.55		-1.51		
	334.05		13.51		-1.67		
	334.16		13.42		-1.71		
	334.31		13.52		-1.78		
	334.44		13.69		-1.93		
	334.52		13.72		-1.93		
	334.63		13.90		-1.93		
	334.73		13.84		-2.05		
	334.84		13.66		-2.07		
	334.98		13.85		-1.89		
	335.17		13.86		-1.77		
	335.33		14.03		-1.66		
	335.48		14.04		-1.64		
	335.63		14.01		-1.64		
	335.77		13.68		-1.65		
	335.95		13.40		-1.59		
	336.09		13.17		-1.69		
	336.17		13.11		-1.67		
	336.25		13.26		-1.62		
	336.36		13.96		-1.79		
	336.48		14.48		-1.74		
	336.58		14.93		-1.80		
	336.69		15.49		-1.51		
	336.78		15.05		-1.16		
	336.91		14.52		-0.99		
	336.98		14.26		-1.37		
	337.06		13.01		-1.79		
	337.16		10.99		-2.58		
	337.27		8.47		-2.93		
	337.36		5.90		-2.83		
	337.47		3.00		-2.82		
	337.59		0.80		-2.14		
	337.70		-1.15		-1.92		
	337.81		-3.36		-1.99		
	337.91		-5.06		-1.97		
	338.02		-6.19		-1.57		
	338.13		-6.52		-0.85		
	338.22		-6.79		0.02		
	338.33		-6.61		0.56		
	338.42		-4.79		0.92		
	338.53		-2.08		0.45		
	338.63		0.80		-2.51		
	338.73		-3.84		-1.79		
	338.91		-9.44		0.78		
	339.02		-10.58		1.21		
	339.13		-11.06		0.76		
	339.20		-11.61		0.03		
	339.33		-12.26		-0.02		
	339.44		-12.74		0.25		
	339.55		-12.64		0.78		
	339.64		-13.24		1.45		
	339.78		-12.95		1.19		
	339.95		-13.13		1.44		
	340.11		-13.40		1.57		
	340.25		-13.23		1.80		
	340.36		-13.06		1.90		
	340.44		-13.22		2.35		
	340.50		-13.27		2.44		
	340.58		-13.73		2.57		
	340.69		-14.14		2.38		
	340.77		-14.43		2.26		
	340.86		-14.47		1.92		
	341.02		-14.90		2.67		
	341.05		-15.21		2.94		
	341.13		-15.39		3.09		
	341.23		-15.64		3.01		
	341.38		-15.22		2.76		
	341.44		-14.53		2.22		
	341.56		-13.87		1.62		
	341.72		-13.66		1.15		
	341.83		-13.71		1.00		
	341.94		-13.68		1.03		
	342.22		-13.81		1.19		
	342.34		-13.89		1.56		
	342.42		-13.99		2.07		
	342.53		-14.12		2.24		
	342.61		-14.14		2.36		
	342.70		-14.19		2.35		
	342.80		-14.61		2.33		
	342.92		-14.73		2.27		
	343.00		-14.61		2.07		
	343.11		-14.26		1.61		
	343.27		-14.09		1.38		
	343.33		-13.97		1.45		
	343.63		-14.06		1.58		
	343.75		-13.90		1.38		
	343.81		-13.79		1.12		
	344.13		-13.35		0.74		
	344.36		-13.76		0.81		
	344.47		-14.00		0.84		
	344.59		-14.14		0.97		
	344.73		-14.21		1.07		
	344.84		-14.13		1.05		
	345.00		-14.34		1.19		
	345.13		-14.43		1.24		
	345.17		-14.31		1.25		
	345.44		-14.06		1.17		
	345.53		-13.92		0.98		
	345.75		-13.85		0.68		
	345.84		-13.70		0.68		
	346.06		-13.34		0.71		
