	 time 		 X 		 Y

	58.06		-1.66		-5.33		
	58.22		-1.58		-5.38		
	58.31		-1.82		-5.20		
	58.42		-1.74		-5.13		
	58.55		-1.49		-5.06		
	58.66		-1.02		-5.09		
	58.73		-1.53		-5.41		
	58.86		-4.00		-5.63		
	58.95		-4.98		-5.73		
	59.08		-4.46		-6.15		
	59.19		-3.19		-6.12		
	59.31		-1.23		-5.47		
	59.42		1.50		-4.27		
	59.55		2.96		-3.27		
	59.66		4.38		-2.09		
	59.77		5.31		-1.80		
	59.86		5.98		-2.11		
	59.98		7.12		-2.26		
	60.09		8.79		-1.84		
	60.17		10.20		-1.56		
	60.31		11.62		-1.14		
	60.44		12.23		-0.78		
	60.53		12.13		-0.67		
	60.64		11.57		-0.45		
	60.73		11.39		-0.49		
	60.83		11.30		-0.59		
	60.95		11.23		-0.84		
	61.06		10.95		-0.99		
	61.16		10.66		-1.08		
	61.27		10.50		-1.17		
	61.39		10.27		-1.39		
	61.52		9.94		-1.54		
	61.69		8.95		-1.78		
	61.80		7.39		-2.50		
	61.94		7.34		-2.16		
	62.03		8.87		-1.41		
	62.11		10.23		-0.88		
	62.22		11.39		-0.59		
	62.31		12.48		-0.84		
	62.44		12.95		-0.64		
	62.53		12.78		-0.30		
	62.63		12.88		-0.24		
	62.73		13.05		-0.08		
	62.83		12.99		-0.15		
	62.95		12.80		0.07		
	63.06		12.79		0.13		
	63.17		12.49		0.40		
	63.30		12.73		0.16		
	63.77		12.58		0.18		
	63.84		12.67		0.33		
	63.98		13.34		0.39		
	64.02		13.58		0.41		
	64.11		13.62		0.28		
	64.23		13.36		0.13		
	64.33		12.96		-0.12		
	64.48		13.29		0.06		
	64.59		13.45		0.36		
	64.69		13.62		0.45		
	64.78		13.62		0.52		
	64.91		13.58		0.46		
	65.00		13.34		0.37		
	65.13		12.64		0.20		
	65.23		12.20		0.09		
	65.34		11.93		-0.06		
	65.45		11.45		-0.21		
	65.61		11.64		-0.18		
	65.70		11.60		-0.18		
	65.81		11.61		-0.12		
	65.91		11.61		-0.09		
	66.03		11.45		0.14		
	66.14		10.97		0.26		
	66.31		11.35		0.76		
	66.38		11.47		0.88		
	66.67		11.91		0.88		
	66.78		12.34		0.93		
	66.89		13.02		1.02		
	66.94		13.21		1.01		
	67.02		14.04		1.01		
	67.13		14.44		1.16		
	67.25		14.76		1.53		
	67.39		14.92		1.80		
	67.48		15.31		2.00		
	67.59		15.11		2.03		
	67.70		12.87		1.00		
	67.84		11.71		0.56		
	68.00		11.66		0.30		
	68.11		12.01		0.12		
	68.17		12.03		0.07		
	68.25		11.72		0.04		
	68.34		10.70		-0.05		
	68.47		9.07		-0.31		
	68.56		9.29		0.10		
	68.67		8.25		-0.04		
	68.78		6.98		-0.22		
	68.89		5.47		-0.57		
	68.98		5.13		-0.43		
	69.11		5.10		-0.44		
	69.22		6.02		-0.38		
	69.31		6.87		-0.08		
	69.44		7.64		0.11		
	69.55		8.32		0.13		
	69.64		7.94		-0.05		
	69.75		7.09		-0.22		
	69.84		6.27		-0.75		
	69.94		6.38		-0.60		
	70.06		8.38		0.37		
	70.23		11.03		1.31		
	70.31		11.56		1.60		
	70.47		12.47		2.27		
	70.59		12.87		2.46		
	70.59		12.85		2.55		
	70.72		12.37		2.56		
	70.80		12.01		2.45		
	70.91		11.82		2.26		
	71.20		11.82		1.82		
	71.30		11.76		1.52		
	71.50		11.79		1.21		
	71.61		12.00		1.30		
	71.77		12.42		1.40		
	71.83		12.80		1.58		
	71.98		13.06		1.78		
	72.03		13.15		1.89		
	72.09		13.17		2.05		
	72.20		12.59		2.00		
	72.39		11.88		1.67		
	72.47		11.64		1.54		
	72.58		11.28		1.28		
	72.66		10.97		1.03		
	72.77		10.99		0.99		
	72.84		10.73		0.81		
	73.05		10.24		0.63		
	73.17		9.72		0.31		
	73.25		9.12		-0.10		
	73.47		7.90		-0.95		
	73.63		5.28		-1.88		
	73.86		3.83		-2.00		
	74.08		2.88		-1.78		
	74.22		2.76		-1.60		
	74.39		3.15		-1.34		
	74.61		3.75		-1.14		
	74.80		4.47		-0.92		
	74.94		5.18		-0.65		
	75.05		5.80		-0.08		
	75.17		5.83		0.57		
	75.27		5.76		1.04		
	75.38		5.95		0.79		
	75.50		7.00		-0.40		
	75.58		7.14		-1.89		
	75.70		5.36		-2.66		
	75.77		3.22		-3.72		
	75.86		2.37		-2.04		
	75.95		2.41		-0.16		
	76.08		-0.03		0.48		
	76.17		-2.29		-0.13		
	76.27		-4.42		-0.85		
	76.38		-6.93		-1.03		
	76.50		-8.48		-1.58		
	76.59		-9.29		-2.08		
	76.70		-9.72		-2.14		
	76.81		-9.99		-2.26		
	76.92		-10.28		-2.15		
	77.05		-11.11		-1.70		
	77.13		-11.52		-1.46		
	77.23		-11.80		-1.20		
	77.34		-12.13		-1.30		
	77.47		-12.22		-1.66		
	77.58		-11.68		-2.21		
	77.67		-11.42		-2.39		
	77.78		-10.62		-2.75		
	77.89		-11.53		-2.47		
	78.02		-12.87		-1.94		
	78.09		-13.68		-1.41		
	78.19		-14.15		-1.12		
	78.28		-14.43		-0.94		
	78.44		-14.67		-0.51		
	78.53		-14.67		-0.23		
	78.61		-14.71		0.28		
	78.73		-14.52		0.37		
	78.84		-14.47		0.62		
	78.94		-14.52		1.08		
	79.03		-14.81		1.45		
	79.14		-14.78		1.51		
	79.25		-13.99		1.27		
	79.38		-13.43		1.17		
	79.44		-13.17		1.08		
	79.55		-13.17		1.08		
	79.66		-13.65		1.11		
	79.78		-14.08		1.14		
	79.88		-14.45		1.28		
	79.97		-14.80		1.42		
	80.08		-15.23		1.40		
	80.19		-15.30		1.30		
	80.30		-15.45		1.23		
	80.38		-15.75		1.32		
	80.48		-16.15		1.45		
	80.59		-16.60		1.61		
	80.69		-17.08		1.66		
	80.78		-17.35		1.71		
	80.91		-17.55		1.71		
	81.02		-17.55		1.51		
	81.11		-17.52		1.34		
	81.22		-16.97		1.21		
	81.33		-14.35		1.00		
	81.45		-8.68		-0.26		
	81.58		-3.30		-1.90		
	81.66		-1.11		-2.69		
	81.75		1.03		-3.66		
	81.84		2.18		-4.31		
	81.95		-0.19		-4.00		
	82.06		-1.03		-3.60		
	82.16		1.75		-3.30		
	82.25		6.26		-4.51		
	82.38		7.10		-4.97		
	82.47		5.99		-4.47		
	82.58		5.08		-3.42		
	82.67		4.85		-2.99		
	82.80		5.88		-2.86		
	82.92		4.32		-2.65		
	83.02		3.27		-1.71		
	83.09		2.59		-1.65		
	83.19		0.73		-2.11		
	83.28		-1.48		-2.47		
	83.41		-2.85		-2.90		
	83.52		-4.25		-3.35		
	83.61		-6.43		-4.14		
	83.70		-6.95		-4.34		
	83.81		-8.80		-4.74		
	83.91		-9.82		-4.81		
	84.00		-10.66		-4.89		
	84.11		-11.23		-4.86		
	84.22		-11.45		-4.80		
	84.33		-12.10		-4.77		
	84.42		-12.38		-4.83		
	84.52		-12.31		-4.94		
	84.59		-11.84		-5.02		
	84.75		-11.47		-5.03		
	84.84		-11.60		-5.05		
	84.95		-11.98		-4.98		
	85.06		-12.33		-4.68		
	85.19		-12.38		-4.49		
	85.27		-12.54		-4.49		
	85.36		-12.54		-4.43		
	85.47		-12.42		-4.40		
	85.59		-12.66		-4.28		
	85.72		-12.49		-4.18		
	85.80		-12.44		-4.08		
	85.91		-12.61		-3.76		
	86.02		-12.09		-3.31		
	86.14		-12.15		-2.98		
	86.25		-12.67		-2.66		
	86.36		-13.19		-2.23		
	86.47		-13.23		-2.04		
	86.58		-13.32		-2.01		
	86.70		-13.41		-2.06		
	86.80		-13.25		-2.06		
	86.92		-12.96		-2.14		
	87.02		-12.70		-1.79		
	87.14		-12.77		-1.57		
	87.20		-12.97		-1.65		
	87.34		-13.28		-2.16		
	87.42		-13.68		-2.52		
	87.55		-14.43		-2.67		
	87.61		-14.68		-2.72		
	87.72		-14.59		-2.91		
	87.86		-14.80		-3.08		
	88.03		-14.78		-3.31		
	88.20		-13.72		-3.59		
	88.38		-13.41		-3.46		
	88.53		-13.83		-3.55		
	88.72		-13.59		-3.40		
	88.94		-13.57		-3.28		
	89.08		-13.25		-3.43		
	89.17		-13.35		-3.58		
	89.31		-13.35		-3.69		
	89.39		-13.35		-3.77		
	89.48		-13.32		-3.86		
	89.61		-13.14		-3.76		
	89.72		-13.80		-3.37		
	89.84		-14.40		-3.27		
	89.94		-14.28		-3.32		
	90.02		-14.21		-3.38		
	90.13		-12.96		-3.50		
	90.22		-11.45		-3.59		
	90.31		-10.45		-3.28		
	90.42		-10.07		-2.64		
	90.53		-10.18		-1.68		
	90.61		-10.34		-1.17		
	90.72		-10.46		-1.26		
	90.81		-9.71		-1.57		
	90.91		-5.87		-1.02		
	91.02		-4.79		-0.12		
	91.13		-5.77		-0.51		
	91.22		-7.71		-1.07		
	91.33		-10.95		-1.83		
	91.44		-13.59		-2.28		
	91.58		-14.71		-3.82		
	91.69		-15.17		-4.14		
	91.80		-15.12		-4.10		
	91.92		-14.71		-3.42		
	92.02		-14.58		-2.33		
	92.13		-13.90		0.22		
	92.22		-13.42		0.91		
	92.34		-12.65		1.17		
	92.45		-12.03		0.97		
	92.56		-12.28		0.98		
	92.66		-13.17		1.55		
	92.73		-13.46		2.40		
	92.83		-14.14		3.21		
	92.92		-15.82		4.97		
	93.03		-16.66		5.65		
	93.19		-17.18		5.09		
	93.28		-17.36		3.86		
	93.39		-15.84		2.21		
	93.48		-13.12		0.76		
	93.59		-8.94		1.24		
	93.72		-5.42		2.10		
	93.81		-4.27		2.13		
	93.88		-1.77		0.87		
	93.97		-1.55		0.48		
	94.05		-1.53		-0.45		
	94.16		-1.91		0.27		
	94.27		-1.70		2.37		
	94.38		-1.27		3.84		
	94.48		-0.64		4.79		
	94.59		-0.76		5.52		
	94.72		-1.45		6.05		
	94.81		-2.40		6.77		
	94.92		-2.80		6.93		
	95.02		-3.21		6.50		
	95.14		-3.33		6.05		
	95.23		-3.64		5.65		
	95.34		-3.48		5.16		
	95.45		-3.48		4.85		
	95.58		-3.38		3.88		
	95.69		-3.22		3.50		
	95.78		-3.14		3.11		
	95.88		-3.05		2.70		
	95.97		-3.11		2.19		
	96.06		-3.13		1.73		
	96.16		-3.03		1.25		
	96.23		-2.92		0.74		
	96.33		-2.72		-0.16		
	96.42		-2.55		-1.07		
	96.52		-2.68		-1.51		
	96.61		-2.83		-1.74		
	96.70		-3.08		-2.34		
	96.81		-3.60		-3.66		
	96.89		-3.87		-4.21		
	97.02		-3.72		-3.92		
	97.13		-3.35		-3.10		
	97.23		-2.91		-2.13		
	97.33		-2.26		-1.26		
	97.44		-1.80		-0.57		
	97.53		-1.09		0.24		
	97.64		-0.94		0.64		
	97.72		-0.72		1.01		
	97.81		-0.44		1.20		
	97.92		-0.28		1.36		
	98.05		-0.13		1.78		
	98.14		-0.15		2.72		
	98.27		-0.13		3.64		
	98.38		-0.20		3.97		
	98.48		-0.47		4.00		
	98.58		-0.63		4.14		
	98.67		-0.85		4.55		
	98.81		-1.11		4.97		
	98.92		-1.08		5.22		
	99.03		-0.85		5.79		
	99.09		-0.55		6.48		
	99.20		-0.00		7.20		
	99.28		0.51		8.17		
	99.41		0.65		8.45		
	99.52		0.79		8.32		
	99.64		0.82		8.20		
	99.78		0.61		7.84		
	99.88		0.32		7.55		
	99.97		0.03		7.02		
	100.06		-0.49		6.19		
	100.17		-0.82		5.64		
	100.28		-0.56		2.23		
	100.39		1.09		1.45		
	100.48		0.79		1.95		
	100.59		-0.18		1.67		
	100.70		-1.23		1.28		
	100.81		-2.68		0.91		
	100.92		-3.65		0.65		
	101.00		-4.83		0.86		
	101.13		-5.44		0.64		
	101.30		-6.08		0.57		
	101.56		-8.28		0.57		
	101.66		-9.45		0.85		
	101.77		-10.38		1.16		
	101.81		-10.89		1.36		
	101.91		-11.34		1.48		
	101.98		-12.79		1.52		
	102.08		-13.48		1.38		
	102.20		-13.69		1.17		
	102.34		-13.36		0.88		
	102.50		-12.94		0.73		
	102.69		-12.97		0.67		
	102.89		-11.76		0.31		
	103.06		-8.34		-1.14		
	103.19		-7.57		-1.52		
	103.33		-8.38		-1.31		
	103.52		-9.64		-0.99		
	103.61		-10.71		-0.68		
	103.72		-11.77		-0.24		
	103.81		-13.00		0.19		
	103.92		-14.18		0.57		
	104.05		-15.06		0.41		
	104.14		-15.23		-0.05		
	104.28		-15.10		-1.06		
	104.38		-15.27		-1.55		
	104.52		-15.43		-1.99		
	104.66		-12.00		-0.96		
	104.75		-7.35		0.16		
	104.84		-3.84		-0.21		
	104.94		-0.35		-0.77		
	105.05		2.05		-0.93		
	105.20		5.35		-1.21		
	105.58		8.05		-0.65		
	105.69		8.83		-0.54		
	105.78		9.98		-0.63		
	105.89		11.20		-1.04		
	105.97		11.21		-2.07		
	106.08		11.01		-2.34		
	106.17		10.88		-2.76		
	106.28		11.34		-2.62		
	106.38		11.78		-2.21		
	106.53		11.40		-2.10		
	106.61		10.64		-2.03		
	106.70		10.24		-2.10		
	106.80		11.65		-1.58		
	106.91		13.48		-1.02		
	107.00		15.87		0.02		
	107.11		17.15		0.57		
	107.22		16.79		0.55		
	107.31		14.24		-0.67		
	107.41		11.42		-1.46		
	107.50		8.48		-2.25		
	107.59		4.00		-3.10		
	107.66		0.71		-3.49		
	107.78		1.33		-3.10		
	107.91		4.04		-2.81		
	108.05		3.92		-2.90		
	108.13		3.37		-3.06		
	108.22		3.15		-3.10		
	108.31		1.89		-3.27		
	108.41		0.88		-3.68		
	108.48		0.65		-3.91		
	108.58		1.34		-4.04		
	108.69		3.14		-4.06		
	108.80		4.16		-3.95		
	108.92		4.58		-3.59		
	109.05		4.39		-3.38		
	109.13		4.32		-3.29		
	109.23		4.38		-3.16		
	109.36		4.54		-3.07		
	109.47		4.75		-3.02		
	109.58		5.11		-2.92		
	109.70		5.36		-2.82		
	109.86		5.44		-2.77		
	109.95		5.56		-2.76		
	110.05		5.56		-2.77		
	110.28		6.10		-2.60		
	110.36		6.17		-2.60		
	110.47		6.32		-2.57		
	110.64		6.77		-2.53		
	110.72		7.21		-2.42		
	110.80		7.50		-2.31		
	110.92		7.65		-2.29		
	111.05		7.71		-2.36		
	111.16		7.90		-2.34		
	111.25		8.05		-2.34		
	111.42		8.29		-2.08		
	111.50		8.21		-1.96		
	111.61		7.84		-1.81		
	111.78		6.71		-2.11		
	111.86		6.36		-2.15		
	112.02		6.35		-2.23		
	112.11		6.40		-2.18		
	112.25		6.64		-1.86		
	112.63		5.64		-2.89		
	112.70		5.42		-3.18		
	112.84		4.64		-3.76		
	112.94		3.50		-4.06		
	113.03		2.56		-4.35		
	113.14		1.89		-4.57		
	113.27		1.42		-4.70		
	113.39		1.17		-4.71		
	113.48		1.02		-4.68		
	113.56		0.80		-4.73		
	113.70		0.94		-4.64		
	113.80		0.96		-4.55		
	113.92		0.86		-4.45		
	114.02		0.97		-4.30		
	114.14		0.96		-4.22		
	114.25		0.69		-4.23		
	114.34		0.24		-4.31		
	114.45		0.15		-4.34		
	114.53		0.58		-4.15		
	114.63		1.01		-3.94		
	114.72		0.91		-3.79		
	114.81		0.62		-3.41		
	114.95		1.37		-2.68		
	115.06		3.57		-2.02		
	115.22		5.65		-1.57		
	115.30		6.19		-1.58		
	115.39		6.60		-1.66		
	115.50		6.95		-1.81		
	115.66		7.36		-1.93		
	115.86		7.87		-2.10		
	115.94		8.15		-2.19		
	115.97		8.19		-2.23		
	116.08		8.52		-2.39		
	116.17		8.94		-2.39		
	116.30		9.09		-2.34		
	116.42		9.27		-2.32		
	116.55		9.49		-2.27		
	116.64		9.67		-2.18		
	116.75		9.75		-2.07		
	116.86		9.74		-2.08		
	116.95		9.49		-2.13		
	117.05		9.24		-2.27		
	117.19		8.72		-2.44		
	117.27		8.41		-2.47		
	117.36		8.35		-2.39		
	117.44		8.33		-2.34		
	117.55		8.38		-2.23		
	117.64		8.42		-2.21		
	117.73		8.43		-2.17		
	117.83		8.49		-2.06		
	117.92		8.51		-1.98		
	118.03		8.34		-1.85		
	118.16		7.65		-1.91		
	118.28		6.90		-2.23		
	118.45		6.68		-2.53		
	118.64		7.20		-2.46		
	118.80		7.98		-2.41		
	118.97		9.00		-2.35		
	119.16		9.69		-2.30		
	119.31		10.66		-2.18		
	119.44		11.40		-2.01		
	119.56		12.27		-1.64		
	119.66		13.03		-1.35		
	119.73		13.65		-1.36		
	119.84		14.11		-1.46		
	119.94		13.91		-2.16		
	120.03		13.33		-2.72		
	120.14		12.71		-2.93		
	120.28		11.54		-3.03		
	120.38		8.84		-3.28		
	120.45		6.88		-3.24		
	120.55		2.94		-4.42		
	120.64		0.94		-4.19		
	120.77		0.79		-3.80		
	120.86		-0.47		-3.31		
	120.97		-3.72		-3.13		
	121.09		-6.90		-4.26		
	121.20		-8.15		-4.69		
	121.31		-8.99		-4.91		
	121.41		-10.53		-5.03		
	121.52		-12.15		-5.05		
	121.64		-13.74		-4.75		
	121.77		-14.67		-4.37		
	121.86		-14.55		-4.18		
	121.97		-13.83		-4.11		
	122.08		-13.49		-4.05		
	122.19		-13.90		-3.59		
	122.28		-15.09		-3.09		
	122.36		-16.79		-2.69		
	122.47		-17.12		-2.98		
	122.59		-16.35		-3.47		
	122.67		-14.53		-3.84		
	122.78		-12.53		-3.91		
	122.89		-9.41		-3.96		
	123.00		-7.92		-3.55		
	123.13		-6.97		-3.19		
	123.23		-6.48		-3.24		
	123.33		-6.31		-2.74		
	123.41		-7.37		-2.82		
	123.52		-10.20		-2.16		
	123.66		-13.08		-1.73		
	123.72		-14.64		-1.58		
	123.80		-15.80		-1.40		
	123.88		-16.36		-0.87		
	123.97		-16.21		-0.60		
	124.08		-16.00		-0.32		
	124.20		-16.61		-0.34		
	124.28		-17.47		-0.16		
	124.38		-18.02		-0.12		
	124.48		-17.60		-0.51		
	124.61		-16.74		-1.17		
	124.70		-16.88		-1.16		
	124.81		-18.01		-0.80		
	124.92		-19.13		-0.25		
	125.03		-19.25		-0.25		
	125.16		-19.54		-0.42		
	125.23		-18.73		-0.82		
	125.34		-17.75		-1.42		
	125.44		-17.20		-1.41		
	125.56		-16.38		-1.50		
	125.64		-14.46		-1.86		
	125.83		-10.89		-1.63		
	125.97		-10.89		-1.53		
	126.05		-10.64		-1.46		
	126.13		-9.97		-1.35		
	126.23		-9.11		-1.27		
	126.39		-8.75		-1.27		
	126.48		-8.29		-1.26		
	126.55		-6.45		-1.25		
	126.63		-3.43		-1.24		
	126.73		-2.77		-1.23		
	126.84		-3.29		-1.36		
	126.95		-4.97		-1.40		
	127.06		-7.33		-1.13		
	127.16		-8.57		-0.73		
	127.30		-8.82		-0.34		
	127.39		-8.96		-0.08		
	127.50		-9.40		0.28		
	127.59		-9.59		0.64		
	127.86		-10.37		0.86		
	127.94		-10.74		0.79		
	128.11		-11.69		0.61		
	128.20		-12.12		0.48		
	128.38		-12.60		0.21		
	128.53		-12.73		0.05		
	128.63		-12.71		0.03		
	128.69		-12.59		0.06		
	128.86		-12.47		0.16		
	128.97		-12.47		0.20		
	129.08		-12.49		0.37		
	129.14		-12.48		0.52		
	129.53		-13.66		1.08		
	129.75		-14.80		1.68		
	129.84		-15.06		1.83		
	129.92		-15.00		1.99		
	130.03		-14.59		2.02		
	130.16		-14.79		1.95		
	130.23		-15.10		1.96		
	130.34		-15.26		1.93		
	130.44		-14.91		1.77		
	130.55		-14.23		1.69		
	130.69		-13.63		1.45		
	130.80		-13.71		1.42		
	130.88		-13.73		1.39		
	131.14		-13.34		1.30		
	131.27		-13.28		1.30		
	131.42		-13.57		1.63		
	131.66		-13.37		1.73		
	131.80		-13.15		1.65		
	131.89		-13.18		1.65		
	132.02		-13.37		1.63		
	132.09		-13.49		1.59		
	132.19		-13.51		1.55		
	132.30		-13.60		1.52		
	132.66		-13.97		1.63		
	132.75		-14.16		1.66		
	132.92		-14.79		1.71		
	132.94		-14.79		1.71		
	133.02		-15.25		1.89		
	133.11		-15.78		2.11		
	133.19		-15.95		2.28		
	133.28		-16.16		2.45		
	133.38		-16.38		2.56		
	133.50		-17.31		2.80		
	133.64		-17.78		3.02		
	133.73		-17.87		3.19		
	133.83		-17.88		3.20		
	133.94		-17.78		3.08		
	134.05		-17.29		2.84		
	134.16		-16.37		2.35		
	134.25		-14.59		1.93		
	134.36		-9.55		0.72		
	134.55		-3.91		-0.25		
	134.55		-2.85		-0.54		
	135.61		-5.07		-4.59		
	135.64		-5.18		-4.45		
	135.77		-4.99		-4.28		
	135.88		-4.38		-4.42		
	135.97		-3.62		-4.54		
	136.05		-3.52		-4.48		
	136.20		-3.21		-4.34		
	136.30		-2.82		-4.26		
	136.39		-2.68		-4.03		
	136.48		-2.96		-3.77		
	136.59		-2.30		-3.86		
	136.69		-1.50		-4.02		
	136.78		-1.08		-4.29		
	136.88		-1.76		-4.52		
	136.98		-2.44		-4.64		
	137.09		-2.27		-4.71		
	137.20		-2.04		-4.78		
	137.31		-2.63		-3.73		
	137.41		-2.55		-2.43		
	137.50		-1.66		-2.45		
	137.63		0.52		-3.37		
	137.73		1.59		-2.55		
	137.83		2.86		-2.37		
	137.92		4.44		-2.79		
	138.02		6.22		-3.00		
	138.14		6.61		-3.34		
	138.25		7.21		-3.66		
	138.36		8.59		-3.87		
	138.45		10.01		-3.59		
	138.56		10.92		-3.35		
	138.67		11.14		-3.20		
	138.81		11.09		-3.16		
	138.91		11.31		-3.02		
	139.06		12.04		-2.43		
	139.16		12.49		-2.19		
	139.27		12.94		-1.99		
	139.38		13.21		-1.89		
	139.48		13.87		-1.99		
	139.58		14.31		-1.94		
	139.69		14.49		-1.48		
	139.78		14.29		-1.16		
	139.89		14.37		-0.68		
	139.98		14.48		-0.40		
	140.09		14.68		0.11		
	140.20		15.02		0.60		
	140.31		14.70		0.73		
	140.42		14.18		0.53		
	140.52		13.70		0.13		
	140.61		14.01		0.03		
	140.69		14.49		0.16		
	140.81		15.18		0.30		
	140.89		15.50		0.39		
	141.00		15.80		0.21		
	141.14		16.46		0.40		
	141.22		16.86		0.33		
	141.31		16.72		0.05		
	141.42		16.15		-0.04		
	141.55		15.37		-0.16		
	141.66		15.43		-0.19		
	141.75		15.86		0.07		
	141.88		16.89		0.37		
	141.98		17.80		1.07		
	142.09		18.19		1.54		
	142.23		18.75		1.64		
	142.33		18.28		0.54		
	142.41		17.60		-0.18		
	142.52		15.58		-1.95		
	142.59		13.08		-2.76		
	142.69		9.50		-3.42		
	142.80		5.18		-4.09		
	142.91		5.45		-4.48		
	143.03		6.37		-4.91		
	143.11		6.49		-5.10		
	143.20		6.61		-5.18		
	143.31		5.78		-5.25		
	143.42		4.15		-5.61		
	143.55		2.80		-5.84		
	143.66		1.39		-5.99		
	143.78		-0.07		-6.16		
	143.89		-1.04		-6.40		
	144.00		-3.72		-6.88		
	144.11		-6.87		-7.26		
	144.19		-9.77		-7.76		
	144.31		-11.20		-7.99		
	144.41		-12.61		-8.22		
	144.56		-12.27		-8.29		
	144.66		-9.99		-8.07		
	144.78		-8.26		-7.80		
	144.88		-6.05		-7.43		
	145.03		-1.97		-6.47		
	145.14		1.30		-5.35		
	145.25		3.68		-4.69		
	145.33		5.82		-4.10		
	145.39		6.78		-3.87		
	145.50		7.69		-3.52		
	145.61		8.46		-3.16		
	145.69		9.04		-2.78		
	145.80		9.68		-2.39		
	145.91		10.08		-2.06		
	145.95		10.28		-1.94		
	146.03		10.38		-2.00		
	146.16		10.68		-1.86		
	146.25		11.13		-1.45		
	146.38		11.52		-1.15		
	146.48		12.08		-0.95		
	146.58		12.89		-0.70		
	146.69		14.10		-0.57		
	146.77		14.43		-0.78		
	146.88		14.24		-1.31		
	146.97		13.93		-1.40		
	147.11		14.41		-1.20		
	147.22		14.93		-1.21		
	147.28		15.45		-1.07		
	147.39		15.86		-0.88		
	147.47		15.91		-0.74		
	147.58		15.99		-0.55		
	147.69		16.23		-0.36		
	147.78		16.26		-0.35		
	147.89		16.27		-0.10		
	147.98		16.23		-0.09		
	148.09		16.22		-0.24		
	148.19		16.35		-0.14		
	148.28		16.41		-0.25		
	148.39		16.86		-0.30		
	148.56		16.86		-0.40		
	148.66		16.95		-0.73		
	148.75		17.14		-0.92		
	148.86		16.95		-1.22		
	148.98		16.41		-1.22		
	149.09		15.94		-0.90		
	149.25		15.92		-0.66		
	149.41		16.50		-0.27		
	149.58		17.17		0.08		
	149.77		17.65		0.23		
	149.95		18.01		0.12		
	150.11		17.89		-0.04		
	150.27		17.26		-0.78		
	150.45		16.39		-0.97		
	150.56		16.31		-1.65		
	150.67		17.09		-2.17		
	150.75		16.88		-2.93		
	150.84		16.56		-3.37		
	150.94		16.82		-2.87		
	151.02		17.44		-2.51		
	151.14		17.21		-2.56		
	151.23		15.69		-3.16		
	151.34		12.95		-3.69		
	151.47		5.80		-3.65		
	151.56		2.71		-4.22		
	151.66		-1.23		-5.39		
	151.81		-5.01		-5.68		
	152.03		-7.93		-5.29		
	152.08		-8.39		-5.24		
	152.16		-10.19		-4.63		
	152.25		-11.79		-4.15		
	152.36		-11.94		-4.14		
	152.45		-13.56		-4.16		
	152.55		-15.19		-4.16		
	152.66		-16.64		-4.19		
	152.73		-17.07		-4.42		
	152.84		-16.45		-4.93		
	152.97		-14.27		-5.64		
	153.08		-11.17		-6.17		
	153.22		-6.67		-6.70		
	153.30		-4.12		-7.01		
	153.44		-2.36		-7.12		
	153.50		-1.95		-7.15		
	153.81		-2.17		-7.25		
	154.00		-2.13		-7.67		
	154.14		-1.97		-7.57		
	154.28		-1.73		-7.31		
	154.44		-1.50		-7.15		
	154.53		-1.43		-6.95		
	154.64		-1.39		-6.84		
	154.75		-1.43		-6.58		
	154.88		-1.64		-6.36		
	155.00		-1.78		-6.24		
	155.09		-2.03		-6.03		
	155.25		-2.30		-5.88		
	155.33		-2.39		-5.91		
	155.38		-2.43		-5.91		
	155.53		-2.55		-5.85		
	155.66		-2.65		-5.85		
	155.73		-2.85		-5.88		
	155.81		-2.90		-5.88		
	155.89		-2.89		-5.85		
	155.95		-2.68		-5.72		
	156.08		-2.58		-5.71		
	156.16		-2.54		-5.63		
	156.19		-2.54		-5.58		
	156.27		-2.56		-5.49		
	156.33		-2.70		-5.39		
	156.47		-2.92		-5.25		
	156.56		-3.09		-5.18		
	156.66		-3.22		-5.10		
	156.72		-3.35		-4.97		
	156.81		-3.43		-4.87		
	156.83		-3.43		-4.87		
	156.89		-3.49		-4.66		
	156.98		-3.43		-4.58		
	157.06		-3.42		-4.49		
	157.13		-3.48		-4.40		
	157.23		-3.58		-4.23		
	157.30		-3.53		-4.22		
	157.38		-3.39		-4.21		
	157.47		-3.16		-4.29		
	157.55		-2.99		-4.28		
	157.63		-2.92		-4.30		
	157.73		-2.94		-4.26		
	157.80		-3.00		-4.13		
	157.89		-3.08		-3.90		
	157.95		-3.31		-3.65		
	158.05		-3.37		-3.49		
	158.13		-3.26		-3.42		
	158.19		-3.15		-3.33		
	158.30		-2.94		-3.28		
	158.39		-2.79		-3.17		
	158.45		-2.74		-3.09		
	158.53		-2.68		-3.00		
	158.63		-2.68		-2.82		
	158.70		-3.05		-2.74		
	158.77		-3.73		-2.77		
	158.86		-4.54		-3.05		
	158.94		-4.72		-2.98		
	159.03		-4.46		-2.77		
	159.11		-3.94		-2.60		
	159.17		-3.30		-2.42		
	159.25		-2.54		-2.22		
	159.31		-1.95		-2.16		
	159.39		-0.93		-2.22		
	159.47		0.33		-2.27		
	159.55		1.64		-2.47		
	159.64		3.38		-2.87		
	159.72		6.38		-3.39		
	159.78		8.89		-3.87		
	159.88		11.42		-4.13		
	159.95		12.21		-4.30		
	160.03		12.08		-4.54		
	160.11		11.40		-4.70		
	160.20		8.68		-4.63		
	160.28		4.34		-4.20		
	160.39		0.83		-3.78		
	160.44		-3.56		-3.47		
	160.52		-5.33		-3.37		
	160.63		-6.33		-3.41		
	160.70		-7.36		-3.31		
	160.80		-7.81		-3.37		
	160.88		-8.21		-3.55		
	160.92		-8.44		-3.65		
	161.02		-8.44		-3.76		
	161.09		-7.90		-3.89		
	161.16		-7.19		-3.98		
	161.23		-6.73		-4.00		
	161.31		-6.38		-4.05		
	161.38		-6.23		-4.13		
	161.47		-5.85		-4.28		
	161.53		-5.43		-4.44		
	161.61		-5.05		-4.56		
	161.70		-5.51		-4.39		
	161.77		-6.26		-4.19		
	161.89		-7.11		-3.92		
	161.98		-8.13		-3.58		
	162.08		-9.57		-3.25		
	162.14		-10.56		-3.13		
	162.22		-11.88		-3.03		
	162.30		-13.03		-2.88		
	162.39		-13.70		-2.76		
	162.52		-14.44		-2.63		
	162.59		-14.52		-2.45		
	162.66		-14.61		-2.35		
	162.75		-14.75		-2.16		
	162.80		-15.08		-1.68		
	162.89		-15.55		-1.29		
	162.98		-15.63		-1.17		
	163.05		-15.73		-0.91		
	163.14		-15.84		-0.73		
	163.19		-16.23		-0.56		
	163.28		-16.54		-0.51		
	163.38		-16.44		-0.62		
	163.45		-16.44		-0.59		
	163.53		-15.60		-0.89		
	163.61		-15.03		-1.05		
	163.67		-14.93		-1.10		
	163.77		-12.56		-1.76		
	163.83		-10.03		-2.26		
	163.92		-6.56		-2.89		
	164.05		-5.24		-3.11		
	164.19		-3.76		-3.54		
	164.33		-2.79		-3.94		
	164.44		-1.08		-4.32		
	164.59		0.70		-4.64		
	164.73		1.85		-4.95		
	164.88		2.47		-4.74		
	165.02		1.48		-4.10		
	165.14		0.27		-3.53		
	165.19		-0.77		-3.20		
	165.27		-1.60		-2.80		
	165.34		-1.70		-2.59		
	165.44		-1.24		-2.54		
	165.52		-1.13		-2.57		
	165.59		-0.67		-2.70		
	165.67		-0.55		-2.77		
	165.77		-0.32		-2.70		
	165.81		0.34		-2.47		
	165.91		0.48		-2.30		
	166.00		0.74		-2.35		
	166.06		0.54		-3.14		
	166.14		-0.85		-3.31		
	166.25		-3.60		-2.90		
	166.34		-6.78		-2.47		
	166.41		-8.60		-1.85		
	166.48		-10.07		-0.92		
	166.56		-10.94		0.03		
	166.64		-11.29		0.45		
	166.72		-11.70		0.70		
	166.80		-12.54		0.86		
	166.89		-12.80		0.92		
	166.95		-13.04		0.55		
	167.02		-13.42		0.36		
	167.09		-14.12		0.40		
	167.16		-14.85		1.06		
	167.23		-15.40		1.43		
	167.31		-16.08		1.68		
	167.39		-16.47		1.95		
	167.48		-16.74		2.00		
	167.56		-16.81		1.63		
	167.63		-16.70		1.42		
	167.70		-17.13		1.31		
	167.83		-17.89		1.50		
	167.91		-17.62		1.70		
	168.00		-16.70		1.52		
	168.08		-15.08		1.35		
	168.13		-14.20		1.32		
	168.23		-14.47		1.53		
	168.30		-14.41		1.39		
	168.38		-14.29		1.25		
	168.45		-13.82		1.18		
	168.53		-12.55		1.13		
	168.63		-11.45		0.94		
	168.70		-10.36		0.98		
	168.80		-9.76		0.83		
	168.95		-7.94		0.27		
	169.05		-6.62		-0.26		
	169.06		-6.62		-0.26		
	169.13		-6.53		-0.47		
	169.25		-6.71		-0.80		
	169.31		-6.62		-0.91		
	169.41		-6.00		-1.11		
	169.50		-4.80		-1.61		
	169.59		-1.97		-2.91		
	169.66		-0.37		-3.21		
	169.73		0.91		-3.36		
	169.83		1.41		-3.40		
	169.91		1.41		-3.22		
	169.98		0.11		-2.98		
	170.08		-2.29		-2.52		
	170.20		-5.43		-1.95		
	170.27		-7.76		-1.24		
	170.34		-10.20		-0.50		
	170.44		-11.80		-0.10		
	170.50		-12.67		-0.01		
	170.59		-12.92		0.11		
	170.67		-13.27		0.34		
	170.75		-13.41		0.66		
	170.83		-13.47		0.83		
	170.88		-13.69		0.94		
	170.95		-14.11		1.02		
	171.06		-14.29		1.04		
	171.14		-14.06		0.95		
	171.22		-13.95		0.86		
	171.31		-14.15		0.89		
	171.38		-14.30		0.92		
	171.47		-15.13		1.15		
	171.53		-15.76		1.38		
	171.59		-15.61		1.60		
	171.69		-14.61		1.47		
	171.75		-13.16		1.20		
	171.88		-9.67		-0.02		
	171.95		-5.62		-2.22		
	172.03		-3.56		-3.37		
	172.14		-3.22		-3.19		
	172.22		-2.27		-3.32		
	172.31		-2.33		-3.27		
	172.41		-2.74		-3.09		
	172.48		-4.24		-2.72		
	172.59		-5.19		-2.37		
	172.66		-5.91		-2.10		
	172.75		-7.37		-1.33		
	172.81		-8.57		-0.51		
	172.91		-9.80		0.20		
	173.00		-11.11		0.59		
	173.09		-11.69		1.13		
	173.17		-12.30		1.65		
	173.23		-13.16		2.01		
	173.33		-14.07		2.14		
	173.41		-15.09		2.23		
	173.47		-15.70		2.38		
	173.58		-15.64		2.51		
	173.67		-16.14		2.70		
	173.73		-16.79		2.81		
	173.81		-17.12		2.81		
	173.91		-17.64		2.95		
	173.98		-17.94		2.98		
	174.09		-18.08		3.24		
	174.17		-17.69		3.28		
	174.27		-16.52		2.92		
	174.36		-12.17		1.27		
	174.44		-11.20		0.74		
	174.53		-10.60		0.27		
	174.61		-8.37		-1.01		
	174.69		-7.69		-1.47		
	174.78		-7.42		-1.94		
	174.88		-4.68		-3.33		
	174.98		-1.53		-4.93		
	175.16		-0.90		-5.13		
	175.27		-0.32		-5.60		
	175.38		0.09		-6.10		
	175.48		0.88		-6.19		
	175.59		2.09		-5.36		
	175.72		4.82		-5.18		
	175.83		7.43		-5.38		
	175.94		8.11		-5.13		
	176.09		7.93		-5.49		
	176.19		8.03		-6.71		
	176.33		8.72		-7.42		
	176.47		9.20		-7.52		
	176.61		9.70		-7.15		
	176.73		9.74		-6.92		
	176.84		9.50		-6.80		
	176.95		9.32		-6.77		
	177.09		9.21		-6.85		
	177.30		9.25		-7.17		
	177.50		9.61		-7.30		
	177.72		9.64		-7.24		
	177.92		9.17		-7.18		
	178.13		7.97		-6.90		
	178.28		3.68		-6.42		
	178.44		-2.92		-6.24		
	178.56		-4.07		-6.30		
	178.64		-2.37		-6.56		
	178.80		2.25		-6.32		
	178.91		4.05		-6.09		
	179.03		5.79		-5.64		
	179.14		6.90		-4.96		
	179.27		8.14		-3.89		
	179.38		9.48		-2.82		
	179.50		11.31		-1.92		
	179.59		11.79		-1.62		
	179.69		12.44		-1.18		
	179.77		12.72		-1.02		
	179.88		12.98		-0.87		
	179.97		12.81		-0.86		
	180.08		12.52		-0.90		
	180.20		12.92		-0.69		
	180.34		13.46		-0.75		
	180.44		13.78		-1.14		
	180.53		13.92		-1.64		
	180.64		14.13		-1.75		
	180.78		14.20		-1.38		
	180.89		14.22		-0.70		
	181.00		14.90		-0.00		
	181.11		15.38		0.61		
	181.25		15.49		1.04		
	181.34		15.60		1.22		
	181.44		16.18		1.64		
	181.58		16.30		1.90		
	181.69		14.48		1.67		
	181.78		14.32		1.56		
	181.89		14.55		1.69		
	182.02		15.25		2.07		
	182.14		15.85		2.12		
	182.25		16.46		2.00		
	182.34		16.65		1.93		
	182.44		16.59		1.73		
	182.55		16.74		2.03		
	182.64		16.64		2.23		
	182.80		16.32		2.49		
	182.92		16.00		2.59		
	183.06		16.25		2.81		
	183.17		16.86		2.99		
	183.28		17.53		3.10		
	183.39		18.15		3.01		
	183.50		18.85		3.05		
	183.61		18.72		3.18		
	183.77		17.17		2.54		
	183.89		16.60		2.59		
	184.00		14.91		2.46		
	184.16		7.84		0.23		
	184.33		6.39		-0.71		
	184.39		8.48		-0.42		
	184.56		12.58		-0.07		
	184.64		13.22		0.32		
	184.75		11.06		0.39		
	184.84		8.52		-0.62		
	184.95		5.20		-3.12		
	185.03		4.19		-3.46		
	185.17		4.22		-3.52		
	185.27		4.84		-3.10		
	185.38		6.30		-2.54		
	185.50		9.85		-1.03		
	185.52		10.26		-0.88		
	185.61		11.09		-0.62		
	185.73		10.73		-0.46		
	185.84		9.84		-0.65		
	185.97		9.18		-0.40		
	186.09		9.67		-0.23		
	186.22		10.48		-0.01		
	186.31		11.30		0.25		
	186.45		12.91		0.84		
	186.59		11.34		-0.05		
	186.72		8.31		-2.07		
	186.80		7.29		-3.04		
	186.91		7.93		-2.95		
	187.08		8.58		-3.00		
	187.17		9.13		-3.01		
	187.27		9.92		-2.65		
	187.41		10.78		-1.98		
	187.48		11.47		-1.49		
	187.59		12.37		-0.99		
	187.72		13.57		-0.36		
	187.83		14.65		0.34		
	187.94		15.06		0.75		
	188.05		14.23		0.42		
	188.16		13.09		0.00		
	188.28		12.60		-0.17		
	188.39		12.71		-0.16		
	188.52		13.43		0.11		
	188.63		14.02		0.30		
	188.72		14.59		0.45		
	188.81		14.88		0.37		
	188.97		14.90		0.39		
	189.08		14.96		0.43		
	189.19		15.23		0.61		
	189.28		15.42		0.80		
	189.38		15.57		0.91		
	189.48		15.83		1.09		
	189.59		15.91		1.17		
	189.69		15.88		1.07		
	189.83		15.97		1.02		
	189.95		16.29		1.30		
	190.09		16.59		1.57		
	190.20		16.39		1.61		
	190.30		16.50		1.72		
	190.38		17.16		1.89		
	190.52		17.43		2.04		
	190.67		16.94		1.86		
	190.83		16.02		1.59		
	191.02		15.71		1.74		
	191.20		15.53		1.80		
	191.39		14.25		1.16		
	191.58		12.45		-0.13		
	191.73		10.67		-1.62		
	191.81		9.69		-2.95		
	191.91		8.26		-4.03		
	192.05		5.42		-4.94		
	192.16		5.22		-3.34		
	192.27		7.19		-2.63		
	192.38		8.14		-2.60		
	192.48		8.99		-2.72		
	192.59		7.14		-3.50		
	192.69		6.66		-4.39		
	192.83		5.52		-5.03		
	192.94		5.37		-3.66		
	193.06		5.23		-2.06		
	193.16		4.45		-1.82		
	193.28		4.70		-1.92		
	193.36		5.26		-2.04		
	193.48		6.13		-2.81		
	193.59		5.65		-3.88		
	193.69		4.59		-5.47		
	193.80		3.15		-5.93		
	193.89		0.98		-6.47		
	193.98		-0.48		-7.15		
	194.11		-0.23		-7.60		
	194.20		0.35		-7.73		
	194.30		-0.54		-7.69		
	194.41		-2.11		-7.41		
	194.50		-4.18		-6.62		
	194.63		-5.08		-5.38		
	194.72		-7.58		-3.12		
	194.84		-8.92		-2.10		
	194.97		-10.91		-1.36		
	195.08		-10.91		-1.36		
	195.17		-12.09		-1.13		
	195.45		-14.31		-0.49		
	195.58		-15.63		-0.20		
	195.63		-15.93		-0.14		
	195.73		-16.00		-0.13		
	195.83		-14.85		-0.51		
	195.91		-13.53		-0.65		
	196.05		-13.26		-0.46		
	196.16		-13.14		-0.09		
	196.31		-13.44		0.44		
	196.44		-13.91		0.97		
	196.64		-14.35		1.28		
	196.75		-14.76		1.65		
	196.80		-14.86		1.79		
	196.88		-15.12		2.26		
	196.98		-14.57		2.47		
	197.11		-13.66		2.38		
	197.27		-13.45		2.47		
	197.39		-13.43		2.43		
	197.42		-13.52		2.44		
	197.63		-13.74		2.32		
	197.80		-13.77		2.07		
	197.91		-13.71		1.79		
	198.34		-13.73		1.42		
	198.45		-13.79		1.39		
	198.67		-13.82		1.27		
	198.83		-13.74		1.13		
	199.03		-13.77		1.06		
	199.19		-13.92		1.08		
	199.34		-14.25		1.19		
	199.48		-14.55		1.33		
	199.53		-14.65		1.38		
	199.67		-14.93		1.54		
	199.81		-14.99		1.55		
	199.92		-14.81		1.48		
	200.03		-14.55		1.18		
	200.16		-14.17		0.87		
	200.27		-14.01		0.67		
	200.42		-14.10		0.66		
	200.58		-14.32		0.76		
	200.72		-14.48		0.75		
	200.81		-14.60		0.83		
	200.91		-14.62		0.89		
	201.00		-14.67		0.92		
	201.08		-14.74		0.78		
	201.19		-14.59		0.53		
	201.28		-13.46		0.22		
	201.44		-14.47		0.43		
	201.48		-14.95		0.61		
	201.58		-17.24		1.24		
	201.67		-16.67		0.64		
	201.73		-12.13		-0.32		
	201.89		-7.74		-1.00		
	201.92		-6.65		-1.69		
	202.02		-5.47		-2.07		
	202.13		-4.06		-2.10		
	202.25		-1.59		-2.62		
	202.36		2.74		-4.40		
	202.47		4.46		-5.04		
	202.55		4.77		-5.34		
	202.66		5.40		-5.30		
	202.73		5.62		-5.82		
	202.86		5.01		-6.78		
	202.95		5.20		-7.19		
	203.05		4.82		-7.73		
	203.16		3.92		-7.93		
	203.27		3.32		-7.95		
	203.36		2.86		-7.70		
	203.47		2.41		-7.28		
	203.58		1.95		-7.19		
	203.67		2.62		-7.50		
	203.77		2.95		-7.01		
	203.89		2.87		-6.56		
	204.05		2.65		-6.40		
	204.14		2.51		-6.49		
	204.22		2.31		-6.38		
	204.33		2.71		-5.42		
	204.45		3.27		-5.19		
	204.56		2.96		-5.26		
	204.66		3.21		-5.26		
	204.77		3.34		-5.01		
	204.88		2.77		-4.48		
	204.97		2.40		-4.13		
	205.08		2.08		-4.06		
	205.20		1.29		-4.33		
	205.31		0.62		-4.01		
	205.42		0.40		-3.92		
	205.52		-0.01		-3.94		
	205.63		-0.48		-3.88		
	205.72		-0.78		-3.56		
	205.81		-1.36		-3.37		
	205.91		-1.58		-3.48		
	206.02		-1.12		-3.94		
	206.13		-0.68		-4.61		
	206.19		0.11		-5.76		
	206.31		0.30		-6.68		
	206.41		-0.02		-7.41		
