	 time 		 X 		 Y

	208.73		4.33		-5.73		
	208.78		5.09		-6.04		
	208.89		5.41		-6.27		
	208.98		3.99		-6.05		
	209.08		0.84		-6.43		
	209.20		-1.04		-6.64		
	209.30		-2.39		-5.80		
	209.42		-2.90		-3.89		
	209.52		-3.74		-0.77		
	209.63		-5.02		1.51		
	209.72		-5.15		2.60		
	209.80		-3.03		3.14		
	209.91		2.35		3.14		
	210.00		7.06		3.25		
	210.11		7.06		3.59		
	210.19		2.47		2.85		
	210.31		-3.14		1.62		
	210.41		-6.23		1.07		
	210.50		-9.43		0.57		
	210.58		-11.89		-0.10		
	210.70		-10.82		0.36		
	210.84		-11.44		0.23		
	210.95		-11.73		0.06		
	211.03		-13.02		-0.05		
	211.16		-13.86		-0.06		
	211.25		-13.00		0.29		
	211.33		-11.30		0.93		
	211.45		-8.11		1.65		
	211.55		-1.80		1.67		
	211.69		-0.09		2.03		
	211.80		-1.56		1.80		
	211.91		-2.51		2.01		
	212.02		-1.47		2.30		
	212.13		-3.10		1.45		
	212.23		-1.75		1.26		
	212.34		1.41		0.28		
	212.44		3.64		-0.33		
	212.53		4.88		-0.63		
	212.64		3.45		-0.57		
	212.73		0.63		-0.70		
	212.84		-0.73		-0.57		
	212.94		-1.76		0.70		
	213.05		-1.60		1.31		
	213.13		-0.88		1.08		
	213.20		-0.43		0.73		
	213.31		0.05		0.66		
	213.42		0.25		0.67		
	213.53		0.31		0.47		
	213.63		0.80		0.18		
	213.70		0.75		-0.09		
	213.81		0.26		-0.32		
	213.89		-0.11		-0.46		
	214.00		-0.63		-0.33		
	214.11		-0.81		-0.20		
	214.20		-1.14		-0.02		
	214.31		-1.12		0.25		
	214.41		-1.01		0.58		
	214.52		-1.25		1.01		
	214.61		-0.61		0.19		
	214.73		-0.34		-1.24		
	214.89		-0.60		-2.44		
	215.00		-0.89		-3.32		
	215.08		-0.89		-3.53		
	215.17		-1.13		-3.99		
	215.27		-1.11		-5.03		
	215.38		-1.33		-5.84		
	215.47		-1.49		-6.53		
	215.59		-1.54		-6.84		
	215.73		-1.42		-7.41		
	215.84		-2.25		-7.99		
	215.89		-2.24		-8.67		
	216.00		-3.00		-8.43		
	216.11		-2.92		-8.52		
	216.23		-2.58		-8.84		
	216.31		-2.54		-8.98		
	216.41		-2.75		-9.10		
	216.50		-2.79		-8.99		
	216.61		-2.66		-8.63		
	216.72		-1.92		-7.96		
	216.81		-1.81		-6.37		
	216.92		-1.67		-2.55		
	217.02		-1.63		0.53		
	217.13		-1.74		2.67		
	217.22		-1.36		3.83		
	217.33		-1.45		3.78		
	217.47		-1.71		4.21		
	217.58		-1.55		4.40		
	217.63		-0.96		3.71		
	217.73		-1.04		2.44		
	217.86		-2.03		2.30		
	217.95		-2.74		3.28		
	218.06		-2.72		4.92		
	218.17		-2.48		5.72		
	218.30		-1.98		6.02		
	218.41		-1.47		5.88		
	218.52		-0.95		5.58		
	218.61		0.18		4.64		
	218.72		2.26		4.13		
	218.84		2.58		4.62		
	218.95		0.94		4.96		
	219.06		-2.08		4.72		
	219.14		-5.85		3.05		
	219.23		-5.99		2.82		
	219.33		-6.06		3.63		
	219.42		-5.36		4.28		
	219.53		-5.62		4.33		
	219.63		-6.69		4.38		
	219.77		-9.22		3.89		
	219.91		-9.70		5.02		
	220.02		-10.07		5.99		
	220.11		-7.88		6.56		
	220.22		-4.43		6.31		
	220.34		-1.27		4.96		
	220.44		-0.14		5.11		
	220.52		-0.15		6.04		
	220.61		-0.42		6.32		
	220.70		-0.31		6.14		
	220.80		-0.64		6.59		
	220.88		-1.46		7.26		
	220.98		-1.77		7.47		
	221.11		-1.45		7.67		
	221.20		-1.20		7.54		
	221.33		-0.80		7.11		
	221.41		-0.17		6.89		
	221.55		2.82		6.03		
	221.66		3.96		5.39		
	221.75		4.60		5.26		
	221.86		3.81		4.31		
	221.97		6.11		4.74		
	222.17		6.59		4.52		
	222.25		6.94		4.47		
	222.31		7.40		4.25		
	222.45		7.38		4.14		
	222.59		6.32		4.23		
	222.78		5.17		4.64		
	222.92		4.98		4.67		
	223.11		5.40		4.58		
	223.25		7.05		4.05		
	223.44		9.03		3.24		
	223.56		9.75		2.82		
	223.64		9.06		3.01		
	223.73		8.51		3.19		
	223.84		8.19		3.48		
	223.94		7.85		4.15		
	224.03		6.91		4.75		
	224.14		4.98		5.27		
	224.25		2.38		5.77		
	224.39		0.19		6.72		
	224.52		-0.66		6.78		
	224.63		-1.13		6.58		
	224.73		-1.94		5.56		
	224.84		-2.68		3.74		
	224.97		-3.31		1.88		
	225.08		-4.14		0.07		
	225.16		-4.83		-1.26		
	225.27		-5.10		-2.01		
	225.38		-5.10		-2.72		
	225.48		-4.79		-3.15		
	225.58		-4.70		-3.33		
	225.69		-4.94		-3.41		
	225.80		-4.91		-3.42		
	225.89		-5.42		-3.54		
	226.03		-5.65		-3.62		
	226.11		-5.27		-3.36		
	226.25		-4.67		-2.79		
	226.36		-4.70		-2.94		
	226.47		-5.46		-3.23		
	226.61		-6.74		-3.61		
	226.72		-7.49		-3.91		
	226.80		-7.75		-4.31		
	226.88		-7.95		-4.53		
	227.00		-8.59		-4.53		
	227.09		-9.17		-4.52		
	227.19		-9.61		-4.45		
	227.28		-9.67		-4.04		
	227.42		-10.51		-3.72		
	227.50		-11.39		-3.81		
	227.64		-12.18		-3.81		
	227.73		-12.71		-3.72		
	227.83		-13.00		-3.63		
	227.92		-13.13		-3.57		
	228.03		-13.25		-3.57		
	228.13		-13.37		-3.59		
	228.23		-13.68		-3.79		
	228.36		-13.85		-3.96		
	228.47		-13.81		-4.04		
	228.55		-13.57		-4.25		
	228.67		-13.55		-4.31		
	228.77		-13.49		-4.29		
	228.86		-13.25		-4.40		
	228.98		-13.16		-4.48		
	229.11		-13.01		-4.55		
	229.20		-12.84		-4.67		
	229.31		-12.34		-5.13		
	229.41		-10.33		-5.10		
	229.50		-8.85		-4.89		
	229.58		-8.34		-4.80		
	229.69		-8.06		-4.42		
	229.78		-7.23		-3.75		
	229.88		-6.20		-3.10		
	229.98		-5.48		-2.69		
	230.11		-5.53		-2.42		
	230.20		-5.70		-1.86		
	230.34		-5.12		-1.01		
	230.44		-3.25		-0.00		
	230.55		-0.72		0.62		
	230.64		2.16		0.93		
	230.73		2.53		0.75		
	230.84		2.40		-0.04		
	230.92		2.29		-0.70		
	231.05		1.99		-1.20		
	231.16		2.29		-1.31		
	231.27		3.72		-1.22		
	231.34		4.47		-1.21		
	231.42		4.54		-1.51		
	231.52		4.18		-1.95		
	231.64		3.91		-2.45		
	231.75		3.11		-4.03		
	231.86		2.29		-4.43		
	231.97		0.96		-4.59		
	232.08		0.32		-4.52		
	232.19		0.44		-4.55		
	232.28		0.85		-4.69		
	232.38		1.37		-4.86		
	232.48		1.58		-4.91		
	232.61		2.34		-6.59		
	232.67		2.77		-7.04		
	232.80		3.37		-6.96		
	232.89		3.53		-6.90		
	233.00		3.55		-6.89		
	233.09		3.59		-6.94		
	233.20		3.90		-7.01		
	233.30		4.09		-6.88		
	233.41		3.68		-7.01		
	233.52		3.66		-7.61		
	233.61		3.56		-7.96		
	233.70		3.44		-8.99		
	233.81		3.46		-8.89		
	233.94		3.33		-8.59		
	234.03		3.17		-8.49		
	234.14		2.93		-8.21		
	234.25		2.54		-7.83		
	234.38		1.93		-7.15		
	234.47		1.79		-6.90		
	234.56		1.76		-6.82		
	234.66		1.91		-6.93		
	234.77		1.75		-6.79		
	234.92		1.59		-5.99		
	235.00		1.47		-2.79		
	235.09		1.26		-1.07		
	235.19		0.78		2.14		
	235.30		0.47		4.53		
	235.39		0.14		5.84		
	235.47		-0.18		6.92		
	235.58		-0.41		8.04		
	235.70		-0.39		9.03		
	235.81		-0.58		9.62		
	235.92		-0.68		9.42		
	236.00		-0.70		9.06		
	236.11		-0.54		9.25		
	236.23		-0.29		9.63		
	236.33		-0.56		10.12		
	236.45		-0.77		10.74		
	236.61		-0.91		10.61		
	236.81		-0.98		10.34		
	237.02		-0.98		7.67		
	237.22		-0.46		2.91		
	237.39		1.29		-4.80		
	237.53		1.50		-7.19		
	237.70		1.62		-7.80		
	237.83		1.46		-7.68		
	237.89		1.36		-7.45		
	237.98		1.17		-6.64		
	238.09		1.24		-6.12		
	238.20		1.51		-5.72		
	238.31		2.47		-5.47		
	238.42		2.70		-5.38		
	238.52		2.42		-5.35		
	238.63		1.28		-5.23		
	238.70		-0.41		-5.18		
	238.80		-1.24		-5.22		
	238.92		-2.95		-5.57		
	239.05		-4.63		-6.40		
	239.14		-5.45		-6.74		
	239.25		-7.10		-7.35		
	239.34		-8.04		-7.66		
	239.45		-8.91		-7.89		
	239.55		-9.76		-7.23		
	239.66		-10.26		-5.85		
	239.75		-10.73		-4.51		
	239.84		-11.86		-1.15		
	239.95		-12.29		1.38		
	240.05		-12.59		2.49		
	240.13		-13.00		2.78		
	240.23		-13.11		2.40		
	240.34		-11.45		-1.02		
	240.45		-10.52		-1.65		
	240.56		-10.33		-1.15		
	240.67		-10.09		-0.13		
	240.77		-9.90		0.31		
	240.88		-9.81		0.59		
	241.02		-9.65		0.71		
	241.14		-9.41		0.59		
	241.20		-9.20		0.30		
	241.31		-8.81		-0.05		
	241.41		-8.80		-0.13		
	241.55		-9.08		-0.03		
	241.64		-9.32		0.05		
	241.80		-9.54		0.03		
	241.88		-9.73		0.04		
	241.98		-9.81		0.21		
	242.08		-9.93		0.22		
	242.19		-10.17		0.34		
	242.31		-10.48		0.67		
	242.42		-10.81		1.03		
	242.52		-11.21		1.35		
	242.61		-11.69		2.19		
	242.70		-12.18		2.85		
	242.81		-12.91		3.76		
	242.94		-13.15		3.88		
	243.05		-13.24		3.86		
	243.14		-13.22		3.99		
	243.23		-12.83		4.45		
	243.34		-12.44		4.99		
	243.50		-12.54		5.52		
	243.61		-12.59		5.61		
	243.73		-12.59		5.70		
	243.81		-12.52		5.62		
	243.91		-12.21		5.43		
	244.00		-12.00		5.41		
	244.11		-12.00		5.40		
	244.20		-11.67		5.59		
	244.30		-11.45		5.90		
	244.39		-11.30		6.12		
	244.50		-11.13		6.45		
	244.63		-11.17		6.24		
	244.73		-10.93		5.86		
	244.92		-10.38		5.59		
	245.02		-10.00		5.55		
	245.13		-9.81		5.40		
	245.31		-9.62		5.32		
	245.42		-9.52		5.15		
	245.58		-9.45		5.10		
	245.86		-8.58		5.13		
	245.97		-8.28		5.16		
	246.09		-8.26		5.13		
	246.19		-8.04		5.30		
	246.28		-7.82		5.29		
	246.44		-7.51		5.32		
	246.58		-7.73		5.31		
	246.70		-7.82		5.33		
	246.78		-8.03		5.22		
	246.95		-8.44		5.14		
	247.16		-9.12		5.00		
	247.22		-9.50		4.96		
	247.36		-9.83		5.09		
	247.48		-10.10		5.24		
	247.58		-10.19		5.28		
	247.75		-10.21		5.43		
	247.95		-10.15		5.75		
	248.03		-10.25		5.93		
	248.25		-10.16		6.56		
	248.36		-10.31		7.00		
	248.56		-10.41		7.28		
	248.69		-10.74		7.38		
	249.09		-11.19		7.24		
	249.14		-11.22		7.13		
	249.20		-11.09		6.71		
	249.31		-11.15		6.68		
	249.42		-11.17		6.61		
	249.53		-11.01		6.49		
	249.67		-11.02		6.38		
	249.80		-11.05		6.40		
	249.91		-11.01		6.38		
	249.95		-10.96		6.37		
	250.16		-10.72		6.42		
	250.25		-10.59		6.42		
	250.41		-10.52		6.43		
	250.53		-10.20		6.42		
	250.63		-10.08		6.40		
	250.84		-9.24		5.87		
	250.94		-8.93		5.59		
	251.11		-8.20		5.17		
	251.34		-7.57		4.53		
	251.63		-7.39		4.20		
	251.75		-7.40		4.28		
	252.03		-7.43		4.50		
	252.20		-7.69		4.61		
	252.38		-8.02		4.55		
	252.77		-8.29		4.49		
	252.97		-8.62		4.34		
	253.11		-8.65		4.30		
	253.30		-8.75		4.32		
	253.45		-8.85		4.41		
	253.59		-8.95		4.70		
	253.80		-9.27		5.03		
	253.95		-9.51		5.51		
	254.09		-9.17		5.83		
	254.28		-8.24		5.95		
	254.44		-7.79		5.87		
	254.61		-7.29		5.36		
	254.80		-7.23		4.97		
	254.97		-7.34		4.59		
	255.13		-7.44		4.27		
	255.28		-7.70		3.72		
	255.45		-8.06		3.10		
	255.63		-7.98		1.96		
	255.78		-8.55		-1.53		
	255.94		-9.06		-3.09		
	256.02		-9.68		-3.76		
	256.13		-10.03		-4.65		
	256.23		-10.43		-4.96		
	256.34		-11.24		-4.96		
	256.45		-11.51		-4.91		
	256.55		-11.82		-4.82		
	256.63		-12.02		-4.82		
	256.73		-12.14		-4.88		
	256.83		-12.14		-4.87		
	256.92		-11.97		-4.91		
	257.03		-11.86		-4.98		
	257.14		-11.80		-4.98		
	257.25		-11.51		-4.92		
	257.33		-11.40		-4.81		
	257.44		-10.94		-4.69		
	257.55		-10.08		-4.41		
	257.67		-9.78		-4.85		
	257.77		-10.49		-5.78		
	257.88		-12.27		-6.96		
	257.97		-12.73		-6.76		
	258.09		-12.95		-5.89		
	258.19		-13.27		-4.70		
	258.30		-12.86		-3.08		
	258.41		-12.36		-0.48		
	258.50		-11.77		2.67		
	258.58		-10.87		4.88		
	258.69		-9.60		6.46		
	258.80		-8.37		7.68		
	258.91		-8.11		7.96		
	259.00		-8.20		7.54		
	259.14		-8.18		6.51		
	259.22		-8.95		4.81		
	259.33		-9.63		2.90		
	259.41		-9.62		1.35		
	259.48		-9.59		-0.24		
	259.58		-10.11		-2.55		
	259.67		-10.44		-5.01		
	259.77		-10.64		-5.72		
	259.86		-11.05		-6.09		
	259.94		-10.99		-6.50		
	260.05		-10.85		-6.78		
	260.14		-10.69		-7.12		
	260.23		-10.60		-7.31		
	260.36		-10.49		-7.55		
	260.44		-10.57		-7.55		
	260.56		-10.64		-7.39		
	260.66		-10.52		-7.18		
	260.77		-10.24		-7.02		
	260.88		-9.84		-6.84		
	261.00		-9.44		-6.28		
	261.08		-9.31		-5.28		
	261.22		-7.94		-0.89		
	261.31		-7.15		0.70		
	261.44		-5.76		2.68		
	261.56		-4.41		5.06		
	261.67		-3.42		7.13		
	261.78		-2.95		7.86		
	261.88		-2.59		7.78		
	261.98		-2.23		6.39		
	262.11		-0.95		5.80		
	262.22		-0.30		6.14		
	262.31		-0.07		6.58		
	262.44		0.31		7.75		
	262.52		1.12		9.53		
	262.59		1.93		10.17		
	262.67		2.18		10.03		
	262.78		1.90		8.91		
	262.89		1.69		8.45		
	263.00		2.04		8.12		
	263.09		2.24		8.15		
	263.20		2.48		8.07		
	263.30		2.75		8.15		
	263.41		2.43		7.87		
	263.50		1.60		7.64		
	263.59		0.74		7.87		
	263.70		0.80		7.98		
	263.83		1.46		8.65		
	263.94		1.53		9.19		
	264.02		1.97		9.17		
	264.14		1.68		9.06		
	264.25		1.36		9.10		
	264.38		1.23		9.11		
	264.45		1.80		9.76		
	264.55		2.16		9.76		
	264.67		2.15		8.45		
	264.80		2.00		7.99		
	264.88		1.54		8.08		
	264.97		2.43		8.59		
	265.08		4.27		9.04		
	265.22		1.88		8.11		
	265.34		-4.75		7.18		
	265.47		-4.34		6.78		
	265.56		-3.38		6.18		
	265.66		-2.52		6.04		
	265.75		-1.51		6.08		
	265.84		-0.58		6.29		
	265.92		0.12		6.91		
	266.02		0.76		7.86		
	266.14		0.87		8.27		
	266.27		0.74		8.56		
	266.36		0.85		8.62		
	266.47		0.89		8.91		
	266.55		0.93		9.08		
	266.69		0.84		9.41		
	266.80		0.85		9.95		
	266.91		0.59		10.85		
	266.98		0.45		11.43		
	267.11		0.14		11.71		
	267.19		0.06		11.74		
	267.30		0.46		11.73		
	267.41		0.90		11.54		
	267.58		0.88		11.27		
	267.77		0.79		11.26		
	267.91		0.51		11.11		
	268.09		0.48		11.05		
	268.30		0.16		11.14		
	268.48		0.04		11.15		
	268.67		-0.01		11.30		
	268.78		0.16		11.45		
	268.88		0.06		11.45		
	268.98		-0.07		11.34		
	269.08		-0.03		11.22		
	269.17		-0.22		11.12		
	269.27		-0.26		10.77		
	269.36		-0.47		10.22		
	269.45		1.22		8.50		
	269.53		1.09		5.19		
	269.63		-1.28		-3.93		
	269.75		-1.75		-5.72		
	269.89		-2.72		-6.62		
	269.98		-3.55		-6.15		
	270.08		-3.46		-5.67		
	270.19		-3.46		-5.67		
	270.27		-3.06		-7.29		
	270.34		-3.07		-7.77		
	270.45		-2.88		-8.42		
	270.56		-3.21		-8.84		
	270.67		-3.94		-8.66		
	270.80		-3.93		-8.43		
	270.88		-3.35		-7.67		
	270.97		-2.90		-6.74		
	271.06		-1.02		-2.27		
	271.16		0.96		0.38		
	271.25		-0.06		0.87		
	271.36		-0.46		1.62		
	271.45		-0.22		2.46		
	271.56		-0.04		3.33		
	271.69		1.02		4.74		
	271.77		1.08		4.63		
	271.88		0.46		2.84		
	271.98		0.31		1.32		
	272.08		0.28		-0.66		
	272.19		0.24		-2.02		
	272.30		-0.29		-3.56		
	272.41		-2.26		-4.83		
	272.48		-3.79		-5.24		
	272.58		-5.13		-6.03		
	272.70		-6.68		-5.35		
	272.80		-8.38		-4.20		
	272.92		-10.89		-1.49		
	273.06		-13.04		1.03		
	273.17		-13.87		2.79		
	273.33		-14.70		4.79		
	273.39		-14.93		5.03		
	273.48		-15.30		5.39		
	273.59		-15.28		5.13		
	273.70		-15.08		4.42		
	273.80		-14.92		4.11		
	273.91		-14.60		3.86		
	274.06		-14.82		4.70		
	274.14		-15.08		5.21		
	274.23		-15.44		5.50		
	274.34		-15.39		5.37		
	274.45		-14.50		4.07		
	274.58		-13.61		2.88		
	274.70		-11.03		-0.25		
	274.84		-10.50		-0.57		
	274.94		-9.69		-0.47		
	274.97		-9.69		-0.47		
	275.03		-9.27		-0.22		
	275.13		-8.63		-0.74		
	275.23		-7.73		-2.46		
	275.33		-7.49		-3.68		
	275.42		-7.71		-4.29		
	275.52		-7.91		-4.53		
	275.64		-8.58		-4.51		
	275.77		-9.86		-4.12		
	275.92		-10.18		-3.72		
	276.02		-11.61		-1.29		
	276.16		-12.13		-0.49		
	276.25		-12.14		-0.35		
	276.34		-12.16		-0.17		
	276.50		-12.17		0.15		
	276.69		-11.98		0.32		
	276.78		-11.98		0.35		
	276.88		-11.82		0.38		
	276.95		-11.67		0.20		
	277.11		-11.28		-0.26		
	277.17		-11.18		-0.26		
	277.31		-11.15		-0.08		
	277.53		-11.12		0.15		
	277.66		-11.10		0.17		
	277.78		-11.12		0.27		
	277.88		-11.13		0.39		
	278.20		-11.41		0.70		
	278.31		-11.54		0.91		
	278.47		-11.59		1.07		
	278.66		-11.62		1.11		
	278.77		-11.59		1.19		
	279.17		-11.43		1.53		
	279.27		-11.31		1.64		
	279.44		-11.29		1.59		
	279.53		-11.09		1.45		
	279.91		-11.08		1.49		
	280.08		-11.13		1.66		
	280.22		-11.08		1.74		
	280.38		-11.13		1.83		
	280.50		-11.28		1.86		
	280.59		-11.45		1.90		
	280.77		-11.51		1.96		
	281.00		-11.41		1.88		
	281.09		-11.44		1.82		
	281.25		-11.49		1.92		
	281.31		-11.46		2.00		
	281.42		-11.39		2.09		
	281.56		-11.42		2.04		
	281.73		-11.49		1.94		
	281.92		-11.45		1.84		
	282.03		-11.51		1.80		
	282.17		-11.52		1.75		
	282.27		-11.61		1.71		
	282.45		-11.60		1.58		
	282.61		-11.61		1.50		
	282.78		-11.54		1.40		
	282.89		-11.49		1.29		
	282.98		-11.43		1.16		
	283.08		-11.42		1.12		
	283.20		-11.33		1.19		
	283.41		-11.31		1.30		
	283.53		-11.40		1.34		
	283.61		-11.48		1.32		
	283.67		-11.51		1.38		
	283.84		-11.57		1.44		
	283.97		-11.63		1.42		
	284.06		-11.76		1.43		
	284.19		-11.84		1.40		
	284.27		-11.95		1.44		
	284.38		-12.03		1.46		
	284.48		-12.11		1.54		
	284.64		-12.29		1.62		
	285.00		-12.38		1.37		
	285.11		-12.49		1.17		
	285.28		-12.58		1.02		
	285.36		-12.53		0.88		
	285.48		-12.49		0.90		
	286.78		-12.49		1.48		
	286.83		-12.49		1.62		
	286.92		-12.57		1.68		
	287.02		-12.62		1.72		
	287.16		-12.78		1.80		
	287.27		-13.00		2.00		
	287.38		-13.22		2.09		
	287.50		-13.59		2.26		
	287.59		-13.88		2.41		
	287.70		-14.23		2.49		
	287.81		-14.47		2.56		
	287.94		-14.56		2.77		
	288.02		-14.55		2.78		
	288.11		-14.15		2.65		
	288.20		-13.71		2.24		
	288.30		-14.12		1.71		
	288.38		-14.40		1.28		
	288.48		-14.54		0.80		
	288.58		-11.53		0.32		
	288.69		-6.29		-0.40		
	288.80		-1.71		-0.96		
	288.89		5.05		-1.80		
	289.00		7.92		-1.70		
	289.11		9.47		-1.31		
	289.20		10.87		-0.45		
	289.31		11.95		0.09		
	289.44		13.09		0.25		
	289.52		13.09		0.25		
	289.61		14.21		0.65		
	289.73		14.50		0.92		
	289.84		14.56		1.12		
	289.97		14.60		1.20		
	290.06		14.53		1.13		
	290.17		14.19		1.12		
	290.28		14.03		1.17		
	290.41		13.79		1.32		
	290.52		13.14		1.58		
	290.61		13.47		1.59		
	290.72		13.51		1.65		
	290.83		13.33		1.66		
	290.95		13.65		2.06		
	291.03		14.49		2.91		
	291.14		15.32		2.65		
	291.23		13.79		0.08		
	291.33		14.47		-0.29		
	291.42		15.41		0.30		
	291.52		16.59		1.77		
	291.63		17.23		3.36		
	291.73		17.73		4.59		
	291.86		17.90		5.17		
	291.98		17.87		5.29		
	292.08		17.56		5.92		
	292.19		17.74		6.77		
	292.28		18.27		7.68		
	292.38		18.45		7.58		
	292.47		18.39		7.62		
	292.58		18.45		7.43		
	292.70		18.35		7.81		
	292.80		18.29		7.78		
	292.94		18.21		7.77		
	293.05		18.08		7.73		
	293.14		17.77		7.42		
	293.23		16.96		6.71		
	293.34		15.90		6.37		
	293.45		15.66		6.57		
	293.56		15.87		6.40		
	293.67		15.47		5.76		
	293.77		15.01		5.31		
	293.94		14.71		5.00		
	294.03		14.50		4.49		
	294.13		14.72		4.36		
	294.23		14.85		4.32		
	294.33		14.69		4.30		
	294.44		14.90		3.91		
	294.53		14.68		3.00		
	294.61		14.04		2.08		
	294.72		13.12		0.83		
	294.83		12.61		0.00		
	294.94		12.07		-0.85		
	295.03		11.67		-1.80		
	295.13		11.51		-2.74		
	295.23		11.18		-4.41		
	295.34		10.85		-6.45		
	295.42		11.00		-6.14		
	295.52		10.73		-5.65		
	295.61		10.74		-5.14		
	295.72		10.50		-4.77		
	295.86		10.60		-4.79		
	295.97		10.84		-4.95		
	296.06		11.04		-5.23		
	296.17		11.02		-5.60		
	296.27		10.79		-6.40		
	296.38		10.56		-7.44		
	296.50		10.57		-8.23		
	296.59		10.72		-8.53		
	296.69		10.91		-8.10		
	296.78		11.51		-7.24		
	296.88		11.87		-6.28		
	296.98		12.15		-5.69		
	297.11		11.91		-5.21		
	297.20		11.90		-4.92		
	297.33		12.16		-3.50		
	297.42		12.40		-1.99		
	297.52		13.31		0.06		
	297.61		13.80		1.67		
	297.70		13.96		3.74		
	297.78		13.59		5.80		
	297.92		14.74		3.85		
	298.02		16.07		3.22		
	298.11		16.41		3.10		
	298.20		16.55		3.36		
	298.30		16.32		4.00		
	298.41		14.04		6.54		
	298.48		13.73		7.08		
	298.59		15.63		7.08		
	298.69		17.06		6.97		
	298.81		17.64		7.24		
	298.92		17.82		7.63		
	299.02		18.14		7.56		
	299.14		18.21		7.23		
	299.25		17.99		6.79		
	299.38		17.44		6.38		
	299.52		17.44		6.38		
	299.61		17.52		6.55		
	299.69		16.29		6.74		
	299.81		14.96		6.92		
	299.92		8.96		7.50		
	300.06		2.05		7.09		
	300.13		0.77		6.82		
	300.22		-2.61		6.00		
	300.33		-5.10		5.83		
	300.44		-6.39		5.87		
	300.63		-10.61		4.87		
	300.78		-13.33		3.69		
	300.92		-15.17		3.64		
	301.11		-16.00		3.79		
	301.25		-16.81		3.62		
	301.44		-17.89		2.79		
	301.58		-18.46		2.39		
	301.75		-17.96		2.50		
	301.83		-15.55		2.95		
	301.94		-10.59		3.48		
	302.03		-3.94		4.14		
	302.14		2.82		4.09		
	302.27		4.76		4.51		
	302.33		4.78		4.81		
	302.41		3.98		4.86		
	302.53		2.41		4.73		
	302.66		0.87		4.43		
	302.73		-0.06		3.59		
	302.83		-0.34		2.47		
	302.94		-1.89		0.87		
	303.03		-4.94		-0.44		
	303.13		-8.05		-1.33		
	303.27		-13.36		-2.76		
	303.39		-15.77		-3.23		
	303.48		-17.11		-3.10		
	303.59		-17.49		-2.87		
	303.69		-17.16		-2.58		
	303.78		-15.59		-1.82		
	303.94		-11.55		0.05		
	304.02		-14.03		-0.74		
	304.13		-16.93		-2.12		
	304.23		-17.75		-2.21		
	304.33		-18.26		-1.33		
	304.44		-18.53		-0.20		
	304.55		-18.79		1.11		
	304.67		-18.95		2.20		
	304.78		-15.28		3.64		
	304.89		-10.08		4.61		
	305.00		-6.02		4.87		
	305.11		-1.36		4.57		
	305.20		1.85		4.11		
	305.30		4.34		3.67		
	305.39		6.45		3.38		
	305.50		8.54		3.02		
	305.61		10.54		2.70		
	305.72		12.03		2.33		
	305.78		12.58		2.11		
	305.95		13.03		1.86		
	306.06		13.28		1.13		
	306.14		13.20		0.30		
	306.25		12.95		-0.94		
	306.36		12.87		-2.68		
	306.45		12.81		-3.70		
	306.56		12.17		-3.97		
	306.67		11.44		-4.16		
	306.75		10.29		-4.38		
	306.86		8.88		-5.03		
	306.97		8.79		-5.94		
	307.08		8.67		-6.92		
	307.19		8.56		-7.24		
	307.27		7.58		-7.52		
	307.36		6.64		-7.29		
	307.47		6.12		-8.11		
	307.58		6.51		-9.55		
	307.69		6.58		-10.12		
	307.80		6.54		-10.71		
	307.91		6.44		-10.96		
	308.06		5.74		-10.68		
	308.16		4.91		-10.55		
	308.25		4.20		-10.35		
	308.34		3.70		-10.10		
	308.45		1.77		-8.95		
	308.58		-0.06		-8.12		
	308.72		-3.39		-3.30		
	308.86		-6.46		0.64		
	308.98		-8.99		3.28		
	309.08		-9.12		3.95		
	309.17		-7.59		3.39		
	309.31		-8.70		3.13		
	309.44		-8.69		2.55		
	309.53		-6.91		1.38		
	309.64		-6.41		-0.02		
	309.72		-7.48		0.80		
	309.81		-7.09		1.85		
	309.89		-5.22		1.96		
	309.98		-1.35		0.44		
	310.11		1.03		-2.50		
	310.20		0.54		-3.49		
	310.30		-0.29		-3.87		
	310.39		-0.60		-4.02		
	310.50		-0.73		-4.25		
	310.61		0.40		-5.19		
	310.70		1.30		-6.22		
	310.83		1.11		-6.41		
	310.94		-0.22		-5.71		
	311.05		-1.63		-4.30		
	311.17		-1.19		-3.33		
	311.28		-0.63		-2.94		
	311.38		-0.65		-3.79		
	311.48		-0.39		-5.24		
	311.63		-1.04		-6.27		
	311.69		-1.27		-6.54		
	311.78		-0.86		-6.88		
	311.97		0.40		-7.78		
	311.97		0.56		-7.88		
	312.05		0.89		-7.97		
	312.16		1.71		-8.25		
	312.25		2.24		-8.53		
	312.36		2.40		-8.57		
	312.44		2.43		-8.42		
	312.55		2.42		-8.16		
	312.66		2.55		-7.80		
	312.78		3.00		-7.80		
	312.86		3.10		-7.98		
	312.97		2.87		-8.37		
	313.06		2.08		-8.16		
	313.19		0.24		-6.96		
	313.27		-0.17		-5.75		
	313.39		-0.95		-5.10		
	313.52		-1.38		-4.95		
	313.64		-1.04		-5.18		
	313.72		-0.20		-5.86		
	313.86		1.04		-6.22		
	313.97		1.18		-6.69		
	314.08		0.42		-7.23		
	314.19		-0.34		-7.11		
	314.33		-0.89		-7.13		
	314.38		-1.48		-7.30		
	314.58		-2.10		-7.55		
	314.72		-2.53		-7.52		
	314.81		-3.02		-7.41		
	314.98		-3.82		-7.27		
	315.06		-4.01		-7.16		
	315.27		-4.43		-7.12		
	315.44		-4.28		-7.63		
	315.63		-3.76		-8.18		
	315.78		-3.53		-8.16		
	315.92		-3.62		-8.12		
	316.11		-4.20		-7.56		
	316.23		-4.82		-7.17		
	316.36		-5.29		-6.86		
	316.47		-5.34		-6.80		
	316.58		-5.09		-6.93		
	316.70		-4.98		-7.07		
	316.78		-5.10		-7.17		
	316.89		-5.18		-7.24		
	317.02		-4.77		-7.32		
	317.13		-3.38		-7.43		
	317.23		-1.86		-7.67		
	317.34		-0.20		-7.97		
	317.47		0.46		-8.10		
	317.58		1.04		-8.24		
	317.69		1.41		-8.25		
	317.78		1.53		-8.14		
	317.89		1.64		-7.71		
	317.98		2.06		-7.22		
	318.11		2.29		-6.86		
	318.20		2.76		-6.52		
	318.30		3.32		-6.05		
	318.42		3.61		-5.43		
	318.50		4.07		-4.95		
	318.61		4.14		-4.75		
	318.72		4.09		-4.59		
	318.81		3.88		-3.80		
	318.88		4.62		-2.38		
	318.97		6.69		-0.72		
	319.08		5.85		-0.77		
	319.19		2.67		-1.66		
	319.30		-1.43		-2.64		
	319.38		-3.90		-3.49		
	319.52		-6.60		-3.72		
	319.63		-8.89		-3.03		
	319.73		-11.66		-2.50		
	319.86		-12.93		-2.16		
	319.97		-13.97		-1.96		
	320.08		-14.64		-1.88		
	320.17		-14.77		-1.76		
	320.28		-14.01		-1.82		
	320.38		-13.95		-1.85		
	320.48		-14.76		-1.77		
	320.58		-15.34		-1.35		
	320.70		-15.64		-1.00		
	320.80		-15.83		-0.64		
	320.89		-15.99		-0.03		
	320.98		-16.12		0.81		
	321.08		-16.28		1.35		
	321.19		-16.26		1.62		
	321.31		-15.95		0.39		
	321.45		-15.58		-1.23		
	321.55		-14.24		-3.82		
	321.66		-13.06		-5.50		
	321.75		-12.31		-6.45		
	321.86		-11.90		-6.82		
	321.97		-11.97		-6.53		
	322.09		-11.90		-5.84		
	322.20		-11.85		-5.52		
	322.30		-12.05		-5.22		
	322.41		-12.07		-5.07		
	322.52		-12.09		-5.09		
	322.61		-11.93		-5.05		
	322.72		-12.05		-4.98		
	322.83		-11.74		-5.35		
	322.92		-11.49		-5.52		
	323.02		-11.15		-5.08		
	323.11		-10.95		-4.45		
	323.20		-10.84		-3.55		
	323.30		-11.08		-2.67		
	323.41		-11.19		-1.41		
	323.50		-11.27		-0.30		
	323.59		-9.88		1.33		
	323.72		-7.78		3.18		
	323.78		-6.89		3.96		
	323.91		-8.47		3.88		
	324.13		-11.14		2.98		
	324.28		-14.47		1.89		
	324.36		-15.90		1.55		
	324.45		-16.01		1.83		
	324.56		-15.91		1.87		
	324.69		-16.78		1.53		
	324.78		-17.39		1.13		
	324.88		-17.82		1.16		
	324.97		-18.06		1.20		
	325.05		-17.98		1.19		
	325.14		-18.01		1.18		
	325.27		-17.65		1.39		
	325.38		-17.14		1.55		
	325.50		-16.97		1.46		
	325.64		-16.30		1.50		
	325.73		-16.32		1.56		
	325.84		-16.21		1.73		
	325.94		-15.27		2.04		
	326.05		-13.33		2.45		
	326.14		-12.50		2.49		
	326.25		-11.91		2.29		
	326.38		-11.44		2.41		
	326.47		-10.98		2.75		
	326.56		-12.03		3.13		
	326.66		-13.11		3.22		
	326.75		-13.17		2.97		
	326.86		-12.80		2.48		
	326.98		-12.24		2.46		
	327.08		-11.79		2.55		
	327.17		-10.74		2.69		
	327.25		-9.97		2.77		
	327.38		-9.55		2.69		
	327.47		-8.96		2.82		
	327.58		-8.29		2.96		
	327.69		-8.00		3.08		
	327.80		-6.98		3.43		
	327.89		-6.33		3.61		
	328.00		-5.96		3.91		
	328.16		-4.95		4.24		
	328.25		-4.33		4.38		
	328.34		-3.06		4.64		
	328.45		-2.23		4.74		
	328.56		-1.17		4.96		
	328.64		-0.21		5.11		
	328.75		4.78		5.59		
	328.86		6.68		5.53		
	328.95		11.45		4.91		
	329.06		11.01		4.98		
	329.19		6.18		4.30		
	329.30		1.50		3.34		
	329.42		-1.07		2.62		
	329.52		-2.62		1.87		
	329.59		-2.92		1.61		
	329.80		-3.05		1.74		
	329.95		-2.81		2.48		
	330.09		-2.50		3.05		
	330.25		-2.37		3.89		
	330.44		-2.48		4.08		
	330.58		-2.52		4.12		
	330.73		-2.64		3.96		
	330.84		-2.58		3.80		
	330.92		-2.49		3.67		
	331.05		-2.56		3.69		
	331.16		-2.01		3.99		
	331.27		-1.27		4.24		
	331.39		-1.06		4.24		
	331.50		-0.66		4.17		
	331.58		-0.64		3.82		
	331.69		-0.72		3.58		
	331.75		-0.95		3.28		
	331.86		-1.14		3.27		
	331.97		-1.42		3.22		
	332.08		-1.57		2.99		
	332.20		-1.44		2.48		
	332.30		0.25		2.04		
	332.42		6.22		1.10		
	332.55		8.34		0.59		
	332.59		7.90		0.56		
	332.70		3.06		-0.52		
	332.92		-1.48		-1.65		
	332.97		-3.11		-2.06		
	333.05		-5.44		-2.81		
	333.14		-5.80		-2.86		
	333.23		-6.05		-1.91		
	333.34		-5.90		-1.07		
	333.45		-5.41		-0.59		
	333.55		-5.12		-0.48		
	333.64		-4.94		-0.64		
	333.75		-4.73		-0.67		
	333.84		-4.64		-0.72		
	333.92		-5.24		-0.77		
	334.03		-6.02		-0.50		
	334.14		-6.70		-0.08		
	334.25		-6.78		0.39		
	334.38		-6.20		0.60		
	334.48		-4.07		0.66		
	334.59		-1.56		0.59		
	334.70		2.62		0.48		
	334.91		5.68		0.79		
	334.95		6.52		1.03		
	335.19		8.19		1.45		
	335.23		8.81		1.50		
	335.30		10.80		1.76		
	335.42		12.40		2.05		
	335.53		13.08		2.02		
	335.63		13.37		1.83		
	335.72		13.20		1.52		
	335.83		13.22		1.51		
	335.94		13.17		1.51		
	336.06		12.49		1.67		
	336.16		11.46		1.86		
	336.25		8.95		2.35		
	336.36		6.43		2.79		
	336.53		4.16		3.12		
	336.56		3.87		3.17		
	336.66		4.10		3.18		
	336.78		5.58		2.69		
	336.92		6.17		2.29		
	337.08		6.09		2.33		
	337.22		5.95		2.46		
	337.28		5.88		2.52		
	337.42		5.65		2.57		
	337.64		5.23		2.73		
	337.75		5.24		2.80		
	337.88		5.57		2.82		
	337.97		5.77		2.84		
	338.06		5.92		2.84		
	338.17		6.16		2.77		
	338.55		6.88		2.60		
	338.72		6.88		2.65		
	338.88		6.98		2.81		
	339.08		7.15		2.93		
	339.17		7.20		3.00		
	339.47		7.09		3.39		
	339.67		7.09		3.64		
	339.95		6.90		3.68		
	340.09		6.82		3.62		
	340.30		6.68		3.44		
	340.42		6.78		3.41		
	340.61		6.92		3.45		
	340.75		7.32		3.45		
	340.89		7.59		3.33		
	341.08		7.78		3.42		
	341.22		7.85		3.44		
	341.38		8.03		3.46		
	341.58		8.11		3.40		
	341.78		8.80		2.94		
	341.92		9.13		2.47		
	342.08		8.55		2.88		
	342.23		7.60		3.52		
	342.45		6.22		3.84		
	342.58		2.78		3.68		
	342.75		-1.47		2.66		
	342.91		-11.10		-0.36		
	343.13		-16.24		-2.14		
	343.14		-16.53		-2.10		
	343.23		-16.85		-1.54		
	343.34		-16.56		-0.41		
	343.45		-16.34		0.67		
	343.52		-16.39		1.17		
	343.63		-16.46		1.14		
	343.73		-16.60		0.55		
	343.89		-17.25		-0.28		
	344.00		-17.56		-0.76		
	344.09		-17.88		-0.94		
	344.17		-18.27		-0.70		
	344.30		-17.73		-0.50		
	344.39		-14.24		0.78		
	344.55		-10.48		1.38		
	344.78		-9.49		1.64		
	345.06		-9.22		2.05		
	345.14		-9.36		2.15		
	345.27		-8.90		2.33		
	345.36		-8.31		2.43		
	345.45		-7.99		2.44		
	345.56		-7.87		2.44		
	345.67		-7.85		2.54		
	345.78		-8.33		2.62		
	345.91		-9.61		2.12		
	346.00		-10.58		1.77		
	346.14		-11.48		1.49		
	346.27		-11.55		1.42		
	346.45		-11.56		1.26		
	346.55		-11.49		1.26		
	346.81		-11.59		1.06		
	346.95		-11.95		0.76		
	347.06		-12.14		0.50		
	347.33		-12.42		-0.74		
	347.41		-12.46		-0.95		
	347.52		-12.44		-1.10		
	347.66		-12.33		-1.04		
	347.72		-12.14		-0.91		
	347.81		-11.95		-0.65		
	347.91		-11.93		-0.48		
	348.08		-11.86		-0.06		
	348.17		-11.79		0.31		
	348.31		-11.79		0.62		
	348.39		-11.72		1.01		
	348.50		-11.70		1.24		
	348.59		-11.69		1.34		
	348.69		-11.63		1.45		
	348.83		-11.66		1.44		
	348.98		-11.58		1.36		
	349.08		-11.57		1.32		
	349.19		-11.63		1.37		
	349.20		-11.67		1.34		
	349.30		-11.70		1.38		
	349.38		-11.79		1.39		
	349.44		-11.91		1.43		
	349.47		-11.93		1.35		
	349.55		-11.99		1.30		
	349.61		-12.10		1.17		
	349.67		-12.15		1.15		
	349.72		-12.20		1.16		
	349.78		-12.21		1.20		
	349.83		-12.22		1.23		
	349.91		-12.20		1.30		
	349.97		-12.21		1.34		
	350.03		-12.25		1.34		
	350.11		-12.24		1.26		
	350.17		-12.28		1.22		
	350.23		-12.41		1.29		
	350.28		-12.30		1.29		
	350.34		-12.28		1.24		
	350.41		-12.00		0.97		
	350.50		-11.78		0.84		
	350.58		-11.76		0.73		
	350.67		-11.80		0.71		
	350.73		-11.95		0.76		
	350.78		-12.01		0.83		
	350.88		-11.96		0.80		
	350.94		-12.00		0.66		
	351.02		-12.08		0.53		
	351.08		-12.03		0.54		
	351.16		-11.99		0.35		
	351.20		-11.95		0.27		
	351.25		-11.94		0.20		
	351.31		-11.98		0.09		
	351.36		-11.99		0.02		
	351.41		-11.88		-0.13		
	351.45		-11.86		-0.21		
	351.53		-11.84		-0.31		
	351.61		-11.87		-0.34		
	351.67		-11.94		-0.22		
	351.72		-11.95		-0.18		
	351.80		-11.93		-0.22		
	351.83		-11.94		-0.25		
	351.89		-11.98		-0.29		
	351.95		-11.91		-0.47		
	352.02		-11.80		-0.65		
	352.09		-11.73		-0.77		
	352.14		-11.61		-0.77		
	352.20		-11.55		-0.80		
	352.27		-11.49		-0.79		
	352.33		-11.49		-0.64		
	352.38		-11.72		-0.18		
	352.44		-11.90		-0.09		
	352.47		-12.15		0.30		
	352.53		-12.42		0.70		
	352.59		-12.53		0.81		
	352.67		-12.58		0.66		
	352.73		-12.65		0.37		
	352.78		-12.62		0.19		
	352.83		-12.63		-0.05		
	352.88		-12.59		-0.19		
	352.97		-12.79		-0.08		
	353.06		-13.08		0.31		
	353.13		-13.18		0.48		
	353.16		-13.25		0.71		
	353.23		-13.26		0.77		
	353.27		-13.33		0.67		
	353.34		-13.33		0.41		
	353.42		-13.35		0.18		
	353.45		-13.34		0.13		
